 R.A.          Dec.         Vel
 9.704220     -9.789550     15703
 9.712920     -8.736302     16762
 9.769500     -9.672946     17086
 9.778200     -8.799531     16521
 9.785745     -8.906070     16843
 9.875145     -9.695159     16350
 9.878415     -9.983502     15556
 9.886500    -10.077843     16679
 9.892035     -8.733404     16089
 9.898725     -9.241792     17177
 9.910515     -9.988236     15957
 9.928785    -10.013941     17313
 9.937620     -8.856571     17226
 9.948375     -9.803155     15836
 9.951645     -9.243665     17330
 9.954480     -9.248069     16513
 9.983505     -8.734532     16608
 9.996315     -9.434454     16873
10.007010     -9.881233     17205
10.007760    -10.101156     17458
10.020345     -9.050703     16656
10.043040     -9.282834     14904
10.052250     -8.998942     16617
10.056720     -8.966672     17995
10.076265     -8.941774     15568
10.077870     -8.882477     17924
10.080405     -8.975327     17814
10.106940     -9.866868     16623
10.114695     -9.720131     17262
10.120530     -9.624966     16857
10.130055     -9.344527     15699
10.131900     -9.222225     15480
10.143270     -8.834920     17013
10.164525     -9.369335     14473
10.167885     -8.988923     17584
10.170255     -8.816434     15635
10.175895     -9.478070     16140
10.181400     -8.957593     16320
10.183560     -9.399686     17581
10.184310     -9.373076     17122
10.189290     -8.860796     17809
10.193655     -8.834759     16126
10.194990     -9.550414     17219
10.210020     -9.223104     16173
10.214925     -9.341136     16383
10.221750     -9.585146     16835
10.223535     -9.102050     17009
10.226190     -9.723375     16533
10.242195     -8.946506     16121
10.245375     -9.971888     16055
10.246215     -8.999512     16946
10.257810     -9.209226     16199
10.259655     -8.854499     17038
10.273155     -9.192139     16673
10.274880     -9.017866     16846
10.277190     -9.296930     17462
10.279560     -9.448127     14187
10.293195     -9.250293     18293
10.296345     -9.924891     17008
10.296735     -9.871716     17752
10.296795     -8.837805     16711
10.299060     -9.171076     16130
10.300740     -9.169602     16811
10.301310     -9.343174     16767
10.303335     -9.534438     17156
10.303785     -9.150090     15945
10.303860     -9.038145     16548
10.305630     -8.898507     18217
10.305735     -9.331709     16756
10.308825     -9.311265     16293
10.309125     -8.931504     15146
10.320285     -9.327210     14870
10.321635     -9.368249     16715
10.324545     -9.968721     16000
10.326420     -8.754137     16978
10.326630     -9.486570     17405
10.327050     -9.077369     17931
10.329000     -9.197064     14115
10.329180     -9.389902     14933
10.329300     -9.573265     17475
10.331475     -9.419138     16420
10.331940     -9.245349     15311
10.332585     -9.390837     14728
10.332870     -9.283888     16621
10.338825     -8.725139     16077
10.340715     -9.328605     16240
10.341540     -9.058668     16474
10.342005     -9.878084     16350
10.344060     -9.878205     16115
10.344225     -9.309554     17634
10.345920     -9.796518     17107
10.347750     -9.868462     16371
10.351470     -8.700597     16890
10.356090     -9.771844     16198
10.356300     -9.654366     16305
10.356360     -9.392750     17045
10.363170     -9.228632     14203
10.364190     -9.266197     14437
10.366170     -9.391577     14838
10.368240     -9.811248     16147
10.368990     -9.574086     16003
10.370070     -9.232893     14023
10.376385     -9.262756     13416
10.376760     -9.235175     16372
10.376955     -9.359058     16364
10.378110     -9.037462     15231
10.379100     -9.298335     17087
10.379670     -9.193130     16239
10.380195     -9.697518     16789
10.383105     -9.333981     13796
10.384290     -8.744204     17064
10.385535     -8.816640     18019
10.388625     -9.249068     17559
10.389240     -9.156503     18155
10.391190     -8.932345     16888
10.391415     -9.198085     18732
10.394325     -9.378625     17800
10.394640     -9.350082     17336
10.395330     -9.363961     14220
10.395345     -9.868019     16367
10.395465     -9.013200     17550
10.395585     -9.360957     17135
10.396110     -9.093306     17828
10.396365     -9.810204     16539
10.396470     -9.070434     16199
10.400010     -9.187319     16657
10.400895     -9.325145     16342
10.400925     -8.992960     17969
10.401165     -9.309751     15616
10.404930     -9.221005     17624
10.405155     -9.548171     17775
10.408350     -9.493917     14912
10.412430     -9.463310     17182
10.414260     -9.414572     17957
10.415100     -9.458671     16651
10.417185     -9.304288     16888
10.418115     -9.171654     16379
10.419840     -9.275459     15445
10.422105     -9.315894     14265
10.422420     -9.439271     16290
10.426980     -9.357207     14742
10.427205     -9.419460     18476
10.427370     -8.965964     16197
10.428750     -9.104231     15982
10.429005     -9.439277     16854
10.431510     -9.425130     16970
10.435020     -9.440383     17457
10.435680     -9.458735     16448
10.436640     -9.338219     13885
10.439340     -9.675904     17063
10.440990     -9.442977     15966
10.441050     -9.162418     15475
10.441410     -9.478984     16834
10.443945     -8.979253     16860
10.444950     -9.386899     17634
10.446810     -9.137061     16584
10.448925     -9.007875     15283
10.449765     -9.381253     17216
10.450410     -9.458373     17189
10.450965     -9.284301     15842
10.451835     -8.890473     16693
10.454175     -9.951270     15536
10.454610     -9.484073     18388
10.456590     -9.295198     15060
10.459035     -9.429851     17339
10.459740     -9.471731     17278
10.459890     -9.327117     17879
10.460310     -9.303107     16613
10.461630     -9.229360     18041
10.463595     -9.259088     15253
10.464330     -9.287033     18020
10.466280     -9.616428     16210
10.466295     -9.532869     16714
10.467360     -9.504110     17124
10.469310     -8.812170     15790
10.470150     -9.358375     18304
10.471305     -9.521198     17129
10.472340     -9.489197     15777
10.472670     -9.646140     16068
10.472685     -9.494678     15326
10.477290     -9.432146     17138
10.477365     -9.320854     15026
10.478175     -9.111456     15947
10.482225     -9.042987     17373
10.484745     -9.382383     17778
10.485255     -8.697019     16991
10.487580     -9.713194     17693
10.488915     -9.589966     15885
10.489785     -9.282028     17151
10.489875     -8.865641     17341
10.490325     -9.242445     18185
10.490745     -9.315422     15150
10.490865     -9.306622     14350
10.491930     -8.871330     16024
10.494255     -9.486329     17220
10.494450     -9.286904     18353
10.498770     -9.416269     16802
10.499295     -9.708637     15500
10.499535     -9.652776     15761
10.502220     -9.200684     17863
10.502580     -9.834542     15648
10.509000     -9.671556     14097
10.509090     -9.241038     16051
10.510395     -9.144575     16800
10.513650     -9.471066     15672
10.519830     -9.132468     15910
10.521000     -9.534405     15832
10.522815     -9.745073     17338
10.523325     -9.733388     17564
10.523790     -9.239088     17021
10.524435     -9.044638     16667
10.525035     -9.601810     15865
10.526430     -9.559781     15800
10.530090     -9.872794     17009
10.530165     -9.607208     14215
10.530660     -9.238499     16647
10.531725     -9.476528     17075
10.534785     -9.121980     18248
10.534800     -9.517952     16963
10.536000     -9.509377     15929
10.537710     -9.433746     17593
10.540890     -9.481209     16739
10.542225     -9.665884     16805
10.542840     -8.931012     17670
10.546035     -9.508372     16431
10.548660     -9.970545     16188
10.548960     -9.459106     17076
10.549635     -9.881930     16296
10.549710     -9.367590     15560
10.555845     -9.371332     16810
10.557585     -9.412468     15618
10.563780     -9.439323     16603
10.566180     -9.393157     16699
10.566300     -9.547808     17762
10.570680     -9.186162     17010
10.571955     -9.479929     15863
10.573410     -9.027213     15874
10.574610     -8.808852     16957
10.576995     -9.653462     15456
10.577985     -9.903746     15577
10.578135     -9.257901     16785
10.579995     -9.387641     17415
10.582845     -9.424322     15269
10.583055     -9.858928     16787
10.583160     -9.355150     16897
10.584450     -9.367219     14426
10.590270     -9.116648     15750
10.591155     -9.823025     17302
10.596930     -9.812985     16513
10.600545     -9.164827     16227
10.600950     -9.271268     18184
10.601970     -9.873667     17293
10.603560     -9.205395     16672
10.606380     -9.619152     16956
10.614150     -9.424627     17017
10.615410     -8.764098     16653
10.618200     -9.827301     14999
10.620795     -9.263772     17502
10.622805    -10.018571     15191
10.625385     -9.008788     17414
10.635720     -9.454182     17230
10.636800     -9.362281     17064
10.636845     -9.873336     17691
10.638435     -9.906037     16260
10.640655     -8.881530     17780
10.641090     -9.177990     16842
10.641285     -9.146099     16685
10.641600     -9.911684     17540
10.642305     -9.180871     16341
10.644435     -9.076769     14969
10.644450     -9.898994     17553
10.644810     -9.655015     16363
10.648650     -9.063407     16337
10.654500     -9.755677     16764
10.663320     -9.335302     16057
10.664775     -9.514927     17270
10.667700     -9.399157     16497
10.668015     -9.737969     16800
10.672485     -9.702145     16460
10.672800     -8.946957     15149
10.674945     -9.800408     17492
10.676070     -8.924459     16996
10.677285     -9.848274     16585
10.682970     -9.739085     15232
10.683630    -10.003089     16419
10.684185     -8.936546     16109
10.686000     -9.517432     17068
10.686180     -9.554474     16342
10.688175     -9.637123     17183
10.691700     -9.240030     16519
10.701600     -9.578017     17934
10.708515    -10.002643     15956
10.715355     -9.773366     18359
10.716075     -9.807764     16639
10.720005     -9.703813     14834
10.729050     -9.813852     15212
10.731465     -9.748689     15455
10.744410     -8.918222     17081
10.744635     -9.486245     17948
10.744800     -9.515399     18610
10.756035     -9.858642     15353
10.756845    -10.028671     17225
10.757145     -9.792623     15110
10.758360     -9.777824     14724
10.767330     -9.545308     15846
10.771980     -9.425803     16311
10.773885     -9.812365     15795
10.774980     -9.837334     14767
10.776510     -9.860992     17727
10.783785     -9.579012     14995
10.784085     -9.827035     15185
10.790715    -10.078548     15960
10.792125     -9.861465     15167
10.793355     -9.056859     17342
10.795440     -9.681647     16489
10.795605     -9.377683     16882
10.795635     -9.300099     15945
10.798260     -9.637826     16352
10.806930     -9.449235     16905
10.809750     -9.172602     15008
10.816260     -8.899054     14894
10.824435     -9.597549     17475
10.831470     -9.153409     15060
10.845120     -9.276518     16168
10.849230     -9.864849     14885
10.850190     -9.848671     17860
10.869150    -10.081034     17394
10.870410     -9.913635     15228
10.877010     -9.733163     15157
10.879815     -9.862886     16582
10.885350     -9.126492     16630
10.891845     -8.843606     14989
10.901280     -9.429911     15051
10.904187     -9.573762     17347
10.911540     -9.522396     15068
10.928520     -9.125459     16403
10.933230     -9.073021     14830
10.972575     -9.537357     16514
10.974180     -8.962656     16441
10.979520     -9.728811     16778
11.009430     -9.726333     16925
11.017170     -9.684804     14892
11.072310     -9.643737     16495
11.076675     -9.048582     17039
11.078580     -9.528787     16692
11.164515     -9.702679     17095
