Galaxy   Type   mFUV   mFUVhi   mFUVlo   mNUV   mNUVhi   mNUVlo   m36   m36hi   m36lo   BTUV   BT36   DTUV   DT36   DT36B   DT36D   DTFB   DTFV   DTNB   DTND   MBH   MBHlo   MBHhi   dist   M3.6m
NGC0289   SBbc   12.84   0.39   -0.39   12.67   0.4   -0.4   10.55   0.38   -0.38   NA   0.02   0.92   0.92   0.14   0.05   NA   0.66   NA   0.66   7.38   -7.38   0.3   24.1774329578398   -21.3670509384907
NGC0428   SABm   12.91   0.37   -0.37   12.65   0.37   -0.37   11.85   0.35   -0.35   NA   0   0.93   0.93   0.13   0.05   NA   0.7   NA   0.7   4.48   -4.48   0.37   17.122486501707   -19.3178341625579
NGC0613   SBbc   12.99   0.36   -0.36   12.46   0.36   -0.36   9.61   0.34   -0.34   0.04   0.13   0.92   0.75   0.13   0.05   1.29   0.62   1.29   0.62   7.6   -0.35   0.35   21.971226571346   -22.0992715131637
NGC1042   SABc   13.08   0.39   -0.39   12.8   0.39   -0.39   11.1   0.37   -0.37   NA   0.02   0.97   0.97   0.13   0.05   NA   0.7   NA   0.7   4.4   -4.4   2.08   20.3332702752678   -20.4410361672394
NGC1052   E4   16.81   0.24   -0.24   15.28   0.24   -0.24   10.05   0.23   -0.23   0.67   0.72   NA   NA   0.01   NA   0.23   NA   0.23   NA   8.24   -0.29   0.29   23.1500467680643   -21.7727593636147
NGC1097   SBb   12.1   0.37   -0.37   11.66   0.37   -0.37   8.89   0.35   -0.35   0.11   0.22   0.79   0.56   0.15   0.05   1.41   0.73   1.41   0.73   8.14   -0.09   0.09   18.8478470596506   -22.4863087452519
NGC1300   SBc   13.21   0.4   -0.4   12.78   0.4   -0.4   10.23   0.38   -0.38   NA   0.07   0.87   0.87   0.16   0.05   NA   0.76   NA   0.76   7.88   -0.34   0.34   23.4180261108262   -21.6177514294922
NGC1386   SB0-a   15.79   0.35   -0.35   14.64   0.36   -0.36   10.51   0.32   -0.32   0.26   0.36   0.7   0.58   0.32   0.1   1.54   1   1.54   1   6.07   -0.29   0.29   13.5546105623509   -20.1504352218836
NGC1493   SBc   12.99   0.4   -0.4   12.76   0.38   -0.38   11.45   0.36   -0.36   NA   0   0.97   0.97   0.11   0.04   NA   0.53   NA   0.53   5.4   -5.4   0.51   15.6030472279632   -19.5160471151869
NGC2685   SB0-a   14.66   0.39   -0.39   14.15   0.39   -0.39   10.97   0.36   -0.36   0.36   0.46   0.54   0.41   0.23   0.08   1.82   1.17   1.83   1.18   6.59   -6.59   0.41   13.0783317443452   -19.6127617472989
NGC2748   Sbc   13.98   0.36   -0.36   13.52   0.36   -0.36   11.05   0.34   -0.34   NA   0.03   0.97   0.97   0.34   0.11   NA   1.16   NA   1.17   7.65   -0.24   0.24   21.8953338321381   -20.6517578557362
NGC2787   SB0-a   16.66   0.54   -0.54   14.85   0.36   -0.36   9.85   0.35   -0.35   0.39   0.51   0.59   0.45   0.19   0.07   2.32   1.65   2.34   1.66   7.61   -0.09   0.09   10.3067718334422   -20.2156133097081
NGC2903   SBbc   11.66   0.33   -0.33   11.17   0.36   -0.36   8.35   0.34   -0.34   NA   0.07   0.9   0.9   0.25   0.08   NA   0.96   NA   0.96   7.06   -7.06   0.28   8.13762755845763   -21.2024890462838
NGC2964   SBbc   14.13   0.35   -0.35   13.47   0.35   -0.35   10.72   0.34   -0.34   NA   0.1   0.9   0.9   0.2   0.06   NA   0.75   NA   0.75   6.73   -6.73   0.61   19.5436276593093   -20.735025899829
NGC2974   E4   16.98   0.23   -0.23   15.59   0.24   -0.24   10.52   0.22   -0.22   0.49   0.54   NA   NA   0.01   NA   0.44   NA   0.45   0.45   8.23   -0.09   0.09   28.0221283750685   -21.7175055916587
NGC3021   Sbc   14.6   0.35   -0.35   14.07   0.35   -0.35   11.62   0.34   -0.34   NA   0.01   0.98   0.98   0.19   0.06   NA   0.71   NA   0.71   7.26   -7.26   0.3   22.7749165416612   -20.1672839709118
NGC3031   Sab   10.07   0.36   -0.36   9.29   0.45   -0.45   6.22   0.39   -0.39   0.14   0.46   0.86   0.54   0.23   0.08   1.96   1.3   1.97   1.31   7.81   -0.13   0.13   -0.575955295694484   NA
NGC3079   SBc   12.1   0.36   -0.36   11.69   0.36   -0.36   9.26   0.34   -0.34   0.07   0.24   0.93   0.77   0.57   0.24   1.81   1.73   1.82   1.73   6.4   -0.05   0.05   16.3916315801687   -21.813110921299
NGC3115   E-S0   14.45   0.36   -0.36   12.71   0.35   -0.35   8.18   0.33   -0.33   0.63   0.74   0.37   0.26   0.36   0.13   1.86   1.37   1.87   1.38   8.95   -0.09   0.09   10.1511442322292   -21.8525749923964
NGC3310   SBbc   11.68   0.36   -0.36   11.41   0.36   -0.36   10.69   0.34   -0.34   0.16   0.33   0.83   0.63   0.13   0.05   1.33   0.65   1.33   0.66   6.7   -6.7   0.92   14.6543539256183   -20.1398333811108
NGC3368   SBab   13.76   0.38   -0.38   13.04   0.38   -0.38   8.79   0.36   -0.36   NA   0.07   0.92   0.92   0.15   0.05   NA   0.71   NA   0.71   6.88   -0.08   0.08   13.1539970307055   -21.8052886974427
NGC3414   SB0   16.39   0.39   -0.39   15.13   0.36   -0.36   10.49   0.34   -0.34   0.57   0.69   0.41   0.29   0.13   0.05   1.36   0.69   1.37   0.69   8.4   -0.07   0.07   21.8060507566558   -21.2028850931629
NGC3423   Sc   12.92   0.37   -0.37   12.52   0.37   -0.37   11.17   0.35   -0.35   NA   0.06   0.95   0.95   0.12   0.05   NA   0.71   NA   0.71   5.18   -5.18   0.67   14.8770243029672   -19.6925803623537
NGC3489   SB0-a   16.01   0.36   -0.36   14.14   0.36   -0.36   10.05   0.33   -0.33   0.23   0.32   0.71   0.58   0.19   0.06   1.38   0.71   1.39   0.71   6.78   -0.05   0.05   10.0222019369578   -19.9548157453864
NGC3608   E2   17.58   0.29   -0.29   15.51   0.29   -0.29   10.56   0.27   -0.27   1   1   NA   NA   0.01   NA   0.17   NA   0.18   NA   8.67   -0.1   0.1   18.5802829528083   -20.7852616171545
NGC3627   SBb   12.07   0.35   -0.35   11.35   0.35   -0.35   8.36   0.34   -0.34   0.03   0.12   0.93   0.78   0.26   0.08   1.62   1   1.62   1   6.93   -0.05   0.05   10.6892063383238   -21.7847273026191
NGC3642   Sbc   13.25   0.44   -0.44   13.12   0.39   -0.39   11.51   0.42   -0.42   0.03   0.14   0.95   0.8   0.12   0.04   1.21   0.55   1.21   0.55   7.42   -7.42   0.04   23.5207579726813   -20.3472565653472
NGC4041   Sbc   13.45   0.36   -0.36   12.96   0.36   -0.36   10.73   0.35   -0.35   0.03   0.14   0.95   0.8   0.12   0.04   1.28   0.61   1.28   0.61   6   -6   0.2   18.0140192290916   -20.5480531099814
NGC4051   SABb   12.89   0.36   -0.36   12.4   0.36   -0.36   9.97   0.34   -0.34   0.03   0.15   0.96   0.8   0.13   0.04   1.26   0.59   1.27   0.59   6.1   -0.25   0.25   10.3690251982001   -20.1086896493792
NGC4088   SABc   12.92   0.37   -0.37   12.31   0.37   -0.37   9.72   0.35   -0.35   NA   0.02   0.98   0.98   0.32   0.11   NA   1.08   NA   1.08   6.79   -6.79   0.29   11.0450043562905   -20.4958294574938
NGC4151   SBab   13.16   0.36   -0.36   13.02   0.36   -0.36   10.03   0.35   -0.35   0.22   0.44   0.78   0.56   0.14   0.05   1.39   0.71   1.39   0.71   7.81   -0.08   0.08   14.7745938276767   -20.8175777520564
NGC4203   E-S0   15.55   0.37   -0.37   14.44   0.36   -0.36   9.96   0.33   -0.33   1   1   NA   NA   0.11   0.04   1.2   NA   1.2   NA   7.82   -0.26   0.26   16.0975583912877   -21.0738000454998
NGC4212   Sc   14.08   0.36   -0.36   13.42   0.36   -0.36   10.71   0.34   -0.34   NA   0.04   0.96   0.96   0.18   0.06   NA   0.82   NA   0.82   5.99   -5.99   0.42   -1.30238124936695   NA
NGC4245   SB0-a   16.2   0.36   -0.36   15.14   0.37   -0.37   10.99   0.34   -0.34   0.11   0.18   0.82   0.7   0.13   0.05   1.32   0.64   1.32   0.64   7.19   -7.19   0.48   12.8736001934299   -19.5585000870829
NGC4258   SBbc   11.1   0.36   -0.36   10.69   0.36   -0.36   7.89   0.35   -0.35   NA   0.07   0.96   0.96   0.32   0.1   NA   1.02   NA   1.02   7.58   -0.03   0.03   6.82270372492747   -21.2797825625238
NGC4278   E1-2   16   0.24   -0.24   14.99   0.24   -0.24   9.79   0.22   -0.22   0.65   0.71   NA   NA   0.01   NA   0.25   NA   0.26   NA   7.96   -0.27   0.27   9.60873578016689   -20.1233312568575
NGC4314   SBa   15.16   0.35   -0.35   14.27   0.35   -0.35   10.34   0.34   -0.34   0.08   0.17   0.79   0.57   0.12   0.05   1.32   0.67   1.33   0.67   6.91   -6.91   0.3   14.2669478093327   -20.4316553626494
NGC4321   SABb   12.17   0.36   -0.36   11.56   0.36   -0.36   8.99   0.34   -0.34   NA   0.1   0.9   0.9   0.12   0.05   NA   0.67   NA   0.67   6.67   -6.67   0.17   23.3108314557454   -22.8477888215287
NGC4371   SB0-a   16.9   0.54   -0.54   15.54   0.36   -0.36   10.44   0.32   -0.32   0.16   0.23   0.74   0.62   0.12   0.05   1.41   0.76   1.41   0.76   6.84   -0.07   0.07   13.8217167191433   -20.262809938544
NGC4374   E1   15.77   0.24   -0.24   14.31   0.23   -0.23   8.74   0.22   -0.22   0.6   0.65   NA   NA   0.01   NA   0.35   NA   0.35   NA   8.97   -0.05   0.05   15.0685343613597   -22.1503550639194
NGC4388   SBb   13.42   0.35   -0.35   12.6   0.36   -0.36   10.11   0.34   -0.34   0.06   0.16   0.94   0.84   0.56   0.24   1.97   1.84   1.97   1.85   6.86   -0.04   0.04   37.5434901757343   -22.7626732185716
NGC4472   E2   14.78   0.21   -0.21   13.6   0.22   -0.22   7.91   0.2   -0.2   0.58   0.63   NA   NA   0.01   NA   0.19   NA   0.19   NA   9.4   -0.04   0.04   14.5341189581485   -22.9019435523205
NGC4501   Sb   13.04   0.35   -0.35   12.27   0.35   -0.35   8.76   0.39   -0.39   NA   0.06   0.94   0.94   0.21   0.07   NA   0.92   NA   0.93   7.3   -0.08   0.08   33.9554062745685   -23.8945446557172
NGC4548   SBb   14.07   0.37   -0.37   13.48   0.36   -0.36   9.82   0.35   -0.35   0.03   0.12   0.93   0.78   0.13   0.05   1.45   0.78   1.46   0.79   7.25   -0.29   0.29   7.19135553358991   -19.4640538018943
NGC4593   SBb   14.26   0.37   -0.37   13.66   0.38   -0.38   10.74   0.36   -0.36   0.1   0.16   0.81   0.61   0.13   0.05   1.36   0.69   1.37   0.69   6.86   -0.21   0.21   37.0633343187851   -22.1047224352909
NGC4594   Sa   13.35   0.36   -0.36   11.86   0.37   -0.37   7.2   0.35   -0.35   0.49   0.83   0.51   0.17   0.31   0.1   1.84   1.27   1.84   1.28   8.82   -0.05   0.05   16.14211304047   -23.8398019213696
NGC4596   SB0-a   16.72   0.36   -0.36   15.29   0.35   -0.35   10.06   0.32   -0.32   0.13   0.19   0.77   0.65   0.13   0.05   1.32   0.64   1.32   0.65   7.89   -0.26   0.26   28.0981784770992   -22.1833908338696
NGC4698   Sab   14.89   0.38   -0.38   13.84   0.36   -0.36   10.08   0.35   -0.35   0.22   0.44   0.78   0.56   0.17   0.05   1.43   0.74   1.43   0.75   7.76   -0.16   0.16   14.9527360860364   -20.7936033406752
NGC4736   Sab   11.51   0.36   -0.36   11.07   0.36   -0.36   8.01   0.34   -0.34   0.24   0.42   0.54   0.21   0.12   0.04   1.27   0.61   1.28   0.61   6.78   -0.12   0.12   4.55408168655081   -20.2820040814396
NGC4800   Sb   14.64   0.34   -0.34   13.96   0.35   -0.35   10.94   0.34   -0.34   0.04   0.17   0.95   0.8   0.13   0.05   1.28   0.6   1.28   0.61   7.02   -7.02   0.53   12.3885326389252   -19.5250993468291
NGC4826   SABa   12.94   0.36   -0.36   11.9   0.36   -0.36   7.91   0.34   -0.34   0.12   0.28   0.87   0.68   0.21   0.07   1.62   0.96   1.63   0.96   6.05   -0.13   0.13   6.05001904890898   -20.9987837103062
NGC5005   SABb   14.11   0.35   -0.35   13.12   0.35   -0.35   9.17   0.33   -0.33   0.06   0.15   0.88   0.69   0.24   0.07   1.44   0.81   1.45   0.81   8.27   -0.23   0.23   14.0176100581653   -21.5633698730648
NGC5018   E3   18.07   0.63   -0.63   15.32   0.25   -0.25   10.28   0.27   -0.27   0.83   0.88   NA   NA   0.02   NA   0.79   NA   0.8   NA   8.02   -0.08   0.08   41.9177970422167   -22.8319922528043
NGC5055   Sbc   11.89   0.36   -0.36   11.23   0.36   -0.36   7.97   0.34   -0.34   0.03   0.17   0.97   0.81   0.19   0.06   1.4   0.73   1.4   0.73   8.92   -0.1   0.1   7.40013088989475   -21.3761970069362
NGC5194   SABb   10.6   0.35   -0.35   10.04   0.34   -0.34   7.49   0.32   -0.32   NA   0.1   0.87   0.88   0.17   0.06   NA   0.83   NA   0.83   5.96   -5.96   0.36   7.74219948463997   -21.954321785549
NGC5248   SBb   12.86   0.36   -0.36   12.43   0.36   -0.36   9.65   0.33   -0.33   0.05   0.2   0.95   0.8   0.14   0.05   1.37   0.69   1.37   0.69   6.3   -0.38   0.38   17.0600893438615   -21.5099065062104
NGC5273   S0   17.46   0.36   -0.36   15.77   0.36   -0.36   11.24   0.34   -0.34   NA   0.09   0.99   0.91   0.11   0.04   NA   0.53   NA   0.53   6.61   -0.27   0.27   16.0440937054571   -19.7865759490599
NGC5347   SBab   15.27   0.37   -0.37   14.89   0.38   -0.38   11.99   0.34   -0.34   0.17   0.33   0.8   0.59   0.13   0.05   1.31   0.64   1.32   0.64   7.21   -7.21   0.42   35.2107453916475   -20.7433760946853
NGC5427   SABc   13.59   0.37   -0.37   13.04   0.37   -0.37   10.99   0.35   -0.35   NA   0.1   0.9   0.9   0.12   0.05   NA   0.68   NA   0.69   7.58   -7.58   0.3   38.9529905402528   -21.9627040270228
NGC5457   SABc   9.65   0.64   -0.64   9.43   0.63   -0.63   7.76   0.61   -0.61   NA   0.05   0.95   0.95   0.11   0.04   NA   0.53   NA   0.53   6.41   -6.41   0.08   3.56461211051727   -20.000061391238
NGC5576   E3   17.35   0.26   -0.26   15.43   0.24   -0.24   10.42   0.23   -0.23   0.69   0.74   NA   NA   0.01   NA   0.25   NA   0.26   NA   8.44   -0.13   0.13   22.3417897497715   -21.3255898025631
NGC5728   SBa   14.75   0.4   -0.4   14.2   0.38   -0.38   10.99   0.38   -0.38   0.12   0.26   0.72   0.39   0.2   0.07   2.09   1.41   2.1   1.42   8.05   -0.29   0.29   40.9876105686249   -22.0732630061826
NGC5846   E0-1   16.24   0.26   -0.26   15.18   0.25   -0.25   9.46   0.21   -0.21   0.6   0.65   NA   NA   0.01   NA   0.46   NA   0.46   NA   9.04   -0.06   0.06   25.4152374732836   -22.5654708599545
NGC5879   SBbc   13.14   0.35   -0.35   12.79   0.35   -0.35   10.93   0.34   -0.34   0.16   0.46   0.83   0.51   0.44   0.16   1.67   1.33   1.67   1.33   6.62   -6.62   0.28   11.4008457343708   -19.3546853462204
NGC5921   SBbc   13.23   0.37   -0.37   12.76   0.37   -0.37   10.8   0.35   -0.35   0.01   0.11   0.99   0.83   0.13   0.05   1.45   0.78   1.45   0.79   7.07   -7.07   0.42   21.9578335931219   -20.9079474473409
NGC7418   SBc   13.35   0.36   -0.36   12.94   0.35   -0.35   10.82   0.33   -0.33   NA   0.02   0.97   0.97   0.13   0.04   NA   0.61   NA   0.61   5.18   -5.18   1.78   21.5114357843982   -20.8433469920655
NGC7582   SBab   14.48   0.36   -0.36   13.57   0.36   -0.36   9.97   0.34   -0.34   0.1   0.25   0.78   0.45   0.29   0.09   1.51   0.93   1.51   0.93   7.74   -0.2   0.2   24.0702107471613   -21.937399463824
