# Matter power spectrum P(k) at redshift z=0
# for k=1.05097e-05 to 5.16735 h/Mpc,
# number of wavenumbers equal to 554
#    1:k (h/Mpc)              2:P (Mpc/h)^3        
       1.050970840809e-05       4.715601028977e+01 
       2.356175576258e-05       1.028598662852e+02 
       3.666071141871e-05       1.576567961937e+02 
       4.984276334253e-05       2.121157595276e+02 
       6.314471195617e-05       2.665656246841e+02 
       7.660430701708e-05       3.212562791553e+02 
       9.026059551751e-05       3.764037601052e+02 
       1.041542853459e-04       4.322088220878e+02 
       1.183281294874e-04       4.888665299301e+02 
       1.328273355758e-04       5.465721315121e+02 
       1.477000056086e-04       6.055252048487e+02 
       1.629976105606e-04       6.659329353660e+02 
       1.787755044139e-04       7.280129618513e+02 
       1.950934816760e-04       7.919960032407e+02 
       2.120163816755e-04       8.581284143932e+02 
       2.296147416462e-04       9.266747166395e+02 
       2.479654986352e-04       9.979201613610e+02 
       2.671527373495e-04       1.072173312226e+03 
       2.872684768525e-04       1.149768632780e+03 
       3.084134831683e-04       1.231069026043e+03 
       3.306980868950e-04       1.316468235068e+03 
       3.542429744197e-04       1.406392969580e+03 
       3.791799078563e-04       1.501304581383e+03 
       4.056523121586e-04       1.601700027871e+03 
       4.338156481498e-04       1.708111822922e+03 
       4.638374682499e-04       1.821106567276e+03 
       4.958970293744e-04       1.941281609832e+03 
       5.301843181604e-04       2.069259317822e+03 
       5.668983326380e-04       2.205678445945e+03 
       6.062444689372e-04       2.351182124380e+03 
       6.484308903761e-04       2.506402149093e+03 
       6.936638180444e-04       2.671939561774e+03 
       7.421417826629e-04       2.848341845122e+03 
       7.940490160456e-04       3.036077675086e+03 
       8.495483246885e-04       3.235510721616e+03 
       9.087739518464e-04       3.446874561314e+03 
       9.718250599384e-04       3.670251179486e+03 
       1.038760510346e-03       3.905555504557e+03 
       1.109595550728e-03       4.152528236639e+03 
       1.184300833905e-03       4.410738215211e+03 
       1.262803913910e-03       4.679589413704e+03 
       1.344993050695e-03       4.958314190124e+03 
       1.430722874723e-03       5.246109314717e+03 
       1.519821275417e-03       5.542051845257e+03 
       1.612096812990e-03       5.845169780551e+03 
       1.707346005978e-03       6.154471687811e+03 
       1.805359983960e-03       6.468972641870e+03 
       1.905930171517e-03       6.787715631639e+03 
       2.008852844321e-03       7.109787888927e+03 
       2.113932543147e-03       7.434332553034e+03 
       2.220984433852e-03       7.760556045359e+03 
       2.329835760771e-03       8.087731421821e+03 
       2.440326564895e-03       8.415199516749e+03 
       2.552309836877e-03       8.742366146806e+03 
       2.665651258308e-03       9.068701085169e+03 
       2.780228660725e-03       9.393732255909e+03 
       2.895931306020e-03       9.717041914269e+03 
       3.012659067653e-03       1.003826285842e+04 
       3.130321571002e-03       1.035707191669e+04 
       3.248837333983e-03       1.067318834468e+04 
       3.368132935483e-03       1.098636563439e+04 
       3.488142228968e-03       1.129639163018e+04 
       3.608805611089e-03       1.160308151555e+04 
       3.730069349789e-03       1.190627881044e+04 
       3.851884972792e-03       1.220584677324e+04 
       3.974208714909e-03       1.250167252016e+04 
       4.097001021148e-03       1.279365726770e+04 
       4.220226101728e-03       1.308172266095e+04 
       4.343851534751e-03       1.336580294406e+04 
       4.467847912124e-03       1.364584367635e+04 
       4.592188524496e-03       1.392180374383e+04 
       4.716849081130e-03       1.419364945685e+04 
       4.841807460949e-03       1.446130771313e+04 
       4.967043491309e-03       1.472487732203e+04 
       5.092538751369e-03       1.498425633739e+04 
       5.218276397242e-03       1.523946212412e+04 
       5.344241006426e-03       1.549051196380e+04 
       5.470418439272e-03       1.573746308579e+04 
       5.596795715525e-03       1.598023939793e+04 
       5.723360904177e-03       1.621815617460e+04 
       5.850103025098e-03       1.645267357837e+04 
       5.977011961084e-03       1.668309205816e+04 
       6.104078379127e-03       1.690939167424e+04 
       6.231293659855e-03       1.713169628036e+04 
       6.358649834210e-03       1.735013992007e+04 
       6.486139526563e-03       1.756475078506e+04 
       6.613755903532e-03       1.777495997177e+04 
       6.741492627882e-03       1.798125696636e+04 
       6.869343816953e-03       1.818360411230e+04 
       6.997304005108e-03       1.838218995136e+04 
       7.125368109789e-03       1.857689125652e+04 
       7.253531400786e-03       1.876787124533e+04 
       7.381789472381e-03       1.895498858520e+04 
       7.510138218067e-03       1.913823182050e+04 
       7.638573807585e-03       1.931798704488e+04 
       7.767092666026e-03       1.949452096591e+04 
       7.895691454810e-03       1.966692517817e+04 
       8.024367054337e-03       1.983570782016e+04 
       8.153116548153e-03       2.000093072572e+04 
       8.281937208487e-03       2.016267353256e+04 
       8.410826483016e-03       2.032091199632e+04 
       8.539781982749e-03       2.047568972342e+04 
       8.668801470924e-03       2.062704374684e+04 
       8.797882852820e-03       2.077502993294e+04 
       8.927024166401e-03       2.091965693635e+04 
       9.056223573714e-03       2.106094687395e+04 
       9.185479352984e-03       2.119898462865e+04 
       9.314789891322e-03       2.133378980128e+04 
       9.444153678017e-03       2.146537795474e+04 
       9.573569298339e-03       2.159380988677e+04 
       9.703035427831e-03       2.171859273590e+04 
       9.832550827022e-03       2.184132877673e+04 
       9.962114336550e-03       2.196039173723e+04 
       1.009172487265e-02       2.207646515493e+04 
       1.022138142297e-02       2.218954331180e+04 
       1.035108304272e-02       2.229900367013e+04 
       1.048082885104e-02       2.240687318182e+04 
       1.061061802772e-02       2.251113080935e+04 
       1.074044981011e-02       2.261245931383e+04 
       1.087032349023e-02       2.271099929983e+04 
       1.100023841213e-02       2.280675689284e+04 
       1.113019396943e-02       2.289970786597e+04 
       1.126018960298e-02       2.298992686602e+04 
       1.139022479880e-02       2.307742383459e+04 
       1.152029908603e-02       2.316231442587e+04 
       1.165041203512e-02       2.324439583661e+04 
       1.178056325610e-02       2.332392864233e+04 
       1.191075239702e-02       2.340095574217e+04 
       1.204097914241e-02       2.347526077932e+04 
       1.217124321196e-02       2.354708632673e+04 
       1.230154435920e-02       2.361639166375e+04 
       1.243188237032e-02       2.368326682232e+04 
       1.256225706306e-02       2.374776990302e+04 
       1.269266828570e-02       2.380964605164e+04 
       1.282311591607e-02       2.386925385094e+04 
       1.295359986073e-02       2.392648229153e+04 
       1.308412005407e-02       2.398142579142e+04 
       1.321467645761e-02       2.403400278946e+04 
       1.334526905927e-02       2.408438209780e+04 
       1.347589787275e-02       2.413236009007e+04 
       1.360656293690e-02       2.417826392170e+04 
       1.373726431521e-02       2.422187442175e+04 
       1.386800209526e-02       2.426326335611e+04 
       1.399877638831e-02       2.430255347745e+04 
       1.412958732884e-02       2.433974255630e+04 
       1.426043507419e-02       2.437480703047e+04 
       1.439131980423e-02       2.440790742911e+04 
       1.452224172101e-02       2.443875801557e+04 
       1.465320104851e-02       2.446779655207e+04 
       1.478419803240e-02       2.449475121347e+04 
       1.491523293980e-02       2.451966189559e+04 
       1.504630605911e-02       2.454267328460e+04 
       1.517741769985e-02       2.456375267424e+04 
       1.530856819255e-02       2.458300606829e+04 
       1.543975788858e-02       2.460029247346e+04 
       1.557098716012e-02       2.461578333715e+04 
       1.570225640011e-02       2.462952402593e+04 
       1.583356602217e-02       2.464138110683e+04 
       1.596491646060e-02       2.465139672171e+04 
       1.609630817040e-02       2.465977292117e+04 
       1.622774162731e-02       2.466627213621e+04 
       1.635921732781e-02       2.467117073726e+04 
       1.649073578922e-02       2.467436036611e+04 
       1.662229754981e-02       2.467591119777e+04 
       1.675390316885e-02       2.467501695515e+04 
       1.688555322676e-02       2.467406018764e+04 
       1.701724832528e-02       2.467063669144e+04 
       1.714898908758e-02       2.466572947265e+04 
       1.728077615847e-02       2.465852740117e+04 
       1.741261020458e-02       2.465129900428e+04 
       1.754449191459e-02       2.464172426868e+04 
       1.767642199942e-02       2.462999755358e+04 
       1.780840119252e-02       2.461833956235e+04 
       1.794043025011e-02       2.460329047793e+04 
       1.807250995145e-02       2.458819985337e+04 
       1.820464109918e-02       2.457224890820e+04 
       1.833682451955e-02       2.455407427380e+04 
       1.846906106285e-02       2.453461165247e+04 
       1.860135160366e-02       2.451328447032e+04 
       1.873369704128e-02       2.449107662918e+04 
       1.886609830010e-02       2.446813882928e+04 
       1.899855632995e-02       2.444217759649e+04 
       1.913107210656e-02       2.441733629606e+04 
       1.926364663200e-02       2.438924308094e+04 
       1.939628093508e-02       2.436096213458e+04 
       1.952897607184e-02       2.433172561473e+04 
       1.966173312607e-02       2.430082775791e+04 
       1.979455320975e-02       2.426874583031e+04 
       1.992743746362e-02       2.423450698176e+04 
       2.006038705769e-02       2.420117764136e+04 
       2.019340319181e-02       2.416523902264e+04 
       2.032648709628e-02       2.412925280428e+04 
       2.045964003239e-02       2.409084257321e+04 
       2.059286329309e-02       2.405280038306e+04 
       2.072615820359e-02       2.401247433276e+04 
       2.085952612207e-02       2.397235868035e+04 
       2.099296844032e-02       2.392973818246e+04 
       2.112648658447e-02       2.388700202304e+04 
       2.126008201571e-02       2.384334696549e+04 
       2.139375623105e-02       2.379952415343e+04 
       2.152751076407e-02       2.375285538865e+04 
       2.166134718578e-02       2.370636760315e+04 
       2.179526710538e-02       2.365908247427e+04 
       2.192927217115e-02       2.361079977063e+04 
       2.206336407133e-02       2.356163633249e+04 
       2.219754453501e-02       2.351174956272e+04 
       2.233181533308e-02       2.346122731729e+04 
       2.246617827919e-02       2.340911413506e+04 
       2.260063523073e-02       2.335738408601e+04 
       2.273518808990e-02       2.330341433281e+04 
       2.286983880472e-02       2.324942160619e+04 
       2.300458937014e-02       2.319527694449e+04 
       2.313944182917e-02       2.313914618191e+04 
       2.327439827403e-02       2.308286225512e+04 
       2.340946084736e-02       2.302651454043e+04 
       2.354463174345e-02       2.296826307477e+04 
       2.367991320949e-02       2.291055142839e+04 
       2.381530754693e-02       2.285108223532e+04 
       2.395081711278e-02       2.279135548439e+04 
       2.408644432106e-02       2.273099758288e+04 
       2.422219164419e-02       2.267028792629e+04 
       2.435806161454e-02       2.260862372121e+04 
       2.449405682589e-02       2.254686345721e+04 
       2.463017993508e-02       2.248451299343e+04 
       2.476643366362e-02       2.242074691827e+04 
       2.490282079937e-02       2.235698853092e+04 
       2.503934419829e-02       2.229265215897e+04 
       2.517600678625e-02       2.222769079226e+04 
       2.531281156089e-02       2.216287795774e+04 
       2.544976159352e-02       2.209682884049e+04 
       2.558686003112e-02       2.203096967071e+04 
       2.572411009841e-02       2.196349134169e+04 
       2.586151509992e-02       2.189616887386e+04 
       2.599907842223e-02       2.182850045356e+04 
       2.613680353620e-02       2.176049837145e+04 
       2.627469399934e-02       2.169196835678e+04 
       2.641275345822e-02       2.162332583340e+04 
       2.655098565095e-02       2.155368976809e+04 
       2.668939440985e-02       2.148392922425e+04 
       2.682798366402e-02       2.141427760109e+04 
       2.696675744222e-02       2.134313762077e+04 
       2.710571987570e-02       2.127292513824e+04 
       2.724487520116e-02       2.120121701834e+04 
       2.738422776388e-02       2.113013081395e+04 
       2.752378202088e-02       2.105792820032e+04 
       2.766354254425e-02       2.098600784190e+04 
       2.780351402458e-02       2.091345649908e+04 
       2.794370127449e-02       2.084073104611e+04 
       2.808410923237e-02       2.076802712291e+04 
       2.822474296619e-02       2.069448684574e+04 
       2.836560767744e-02       2.062120804703e+04 
       2.850670870529e-02       2.054722540505e+04 
       2.864805153086e-02       2.047327331626e+04 
       2.878964178166e-02       2.039916927309e+04 
       2.893148523621e-02       2.032463801536e+04 
       2.907358782884e-02       2.025001848683e+04 
       2.921595565465e-02       2.017520962157e+04 
       2.935859497473e-02       2.010012078750e+04 
       2.950151222152e-02       2.002497332793e+04 
       2.964471400444e-02       1.994961409975e+04 
       2.978820711569e-02       1.987409457533e+04 
       2.993199853636e-02       1.979837989587e+04 
       3.007609544273e-02       1.972256319502e+04 
       3.022050521287e-02       1.964658194036e+04 
       3.036523543346e-02       1.957047761087e+04 
       3.051029390702e-02       1.949423872709e+04 
       3.065568865928e-02       1.941786028141e+04 
       3.080142794703e-02       1.934187395142e+04 
       3.094752026618e-02       1.926526694303e+04 
       3.109397436026e-02       1.918823833018e+04 
       3.124079922927e-02       1.911150765472e+04 
       3.138800413888e-02       1.903467664815e+04 
       3.153559863013e-02       1.895780016861e+04 
       3.168359252948e-02       1.888085331099e+04 
       3.183199595938e-02       1.880412572654e+04 
       3.198081934932e-02       1.872678063534e+04 
       3.213007344737e-02       1.864980800640e+04 
       3.227976933228e-02       1.857253280871e+04 
       3.242991842613e-02       1.849552646783e+04 
       3.258053250768e-02       1.841811127389e+04 
       3.273162372619e-02       1.834075348445e+04 
       3.288320461612e-02       1.826357880446e+04 
       3.303528811239e-02       1.818631311061e+04 
       3.318788756650e-02       1.810908878566e+04 
       3.334101676340e-02       1.803166466236e+04 
       3.349468993928e-02       1.795453401714e+04 
       3.364892180022e-02       1.787722860724e+04 
       3.380372754183e-02       1.779992281448e+04 
       3.395912286991e-02       1.772256740568e+04 
       3.411512402224e-02       1.764509763561e+04 
       3.427174779147e-02       1.756802737586e+04 
       3.442901154933e-02       1.749090877790e+04 
       3.458693327209e-02       1.741360290975e+04 
       3.474553156747e-02       1.733626856262e+04 
       3.490482570306e-02       1.725921087631e+04 
       3.506483563630e-02       1.718197403571e+04 
       3.522558204625e-02       1.710501257410e+04 
       3.538708636710e-02       1.702828352380e+04 
       3.554937082374e-02       1.695116624835e+04 
       3.571245846934e-02       1.687415466210e+04 
       3.587637322526e-02       1.679725628472e+04 
       3.604113992333e-02       1.672049331325e+04 
       3.620678435071e-02       1.664385201283e+04 
       3.637333329759e-02       1.656696412606e+04 
       3.654081460782e-02       1.649035943306e+04 
       3.670925723279e-02       1.641379153935e+04 
       3.687869128876e-02       1.633722661550e+04 
       3.704914811798e-02       1.626073295196e+04 
       3.722066035372e-02       1.618428295632e+04 
       3.739326198981e-02       1.610798862331e+04 
       3.756698845474e-02       1.603182012231e+04 
       3.774187669095e-02       1.595544749204e+04 
       3.791796523953e-02       1.587924682596e+04 
       3.809529433103e-02       1.580325881698e+04 
       3.827390598262e-02       1.572723319472e+04 
       3.845384410235e-02       1.565112603236e+04 
       3.863515460107e-02       1.557521833352e+04 
       3.881788551268e-02       1.549941334204e+04 
       3.900208712346e-02       1.542357858014e+04 
       3.918781211134e-02       1.534772644179e+04 
       3.937511569598e-02       1.527207659851e+04 
       3.956405580072e-02       1.519635749279e+04 
       3.975469322754e-02       1.512081202513e+04 
       3.994709184622e-02       1.504539148820e+04 
       4.014131879921e-02       1.496961577717e+04 
       4.033744472364e-02       1.489423531812e+04 
       4.053554399239e-02       1.481878611664e+04 
       4.073569497602e-02       1.474328929742e+04 
       4.093798032777e-02       1.466801540832e+04 
       4.114248729427e-02       1.459271372747e+04 
       4.134930805451e-02       1.451706803719e+04 
       4.155854009029e-02       1.444178107699e+04 
       4.177028659175e-02       1.436661648471e+04 
       4.198465690186e-02       1.429113056347e+04 
       4.220176700450e-02       1.421596590944e+04 
       4.242174006123e-02       1.414052140785e+04 
       4.264470700264e-02       1.406495714697e+04 
       4.287080718103e-02       1.398960346505e+04 
       4.310018909200e-02       1.391440988063e+04 
       4.333301117386e-02       1.383882176509e+04 
       4.356944269492e-02       1.376306756986e+04 
       4.380966474034e-02       1.368741282041e+04 
       4.405387131208e-02       1.361168402002e+04 
       4.430227055751e-02       1.353591361960e+04 
       4.455508614500e-02       1.346017261637e+04 
       4.481255880751e-02       1.338394007426e+04 
       4.507494807921e-02       1.330801605620e+04 
       4.534253425398e-02       1.323148658129e+04 
       4.561562060020e-02       1.315498574204e+04 
       4.589453587220e-02       1.307833394843e+04 
       4.617963716625e-02       1.300151898103e+04 
       4.647131317811e-02       1.292422888417e+04 
       4.676998793007e-02       1.284705866007e+04 
       4.707612504906e-02       1.276924701642e+04 
       4.739023269366e-02       1.269129372386e+04 
       4.771286924840e-02       1.261308099562e+04 
       4.804464992894e-02       1.253451598284e+04 
       4.838625447259e-02       1.245547048719e+04 
       4.873843612807e-02       1.237613354876e+04 
       4.910203220677e-02       1.229592459239e+04 
       4.947797651928e-02       1.221539651466e+04 
       4.986731409816e-02       1.213419298541e+04 
       5.027121870607e-02       1.205248102418e+04 
       5.069101375250e-02       1.196996518640e+04 
       5.112819740088e-02       1.188655239192e+04 
       5.158447284982e-02       1.180243626023e+04 
       5.206178502912e-02       1.171709705799e+04 
       5.256236527871e-02       1.163077893618e+04 
       5.308878599154e-02       1.154384766806e+04 
       5.364402771755e-02       1.145459566358e+04 
       5.423156185757e-02       1.136418990543e+04 
       5.485545282011e-02       1.127178458736e+04 
       5.552048433304e-02       1.117709593583e+04 
       5.623231537306e-02       1.108008375418e+04 
       5.699767160742e-02       1.097996193152e+04 
       5.782457769698e-02       1.087640041035e+04 
       5.872263299215e-02       1.076779006876e+04 
       5.970332555673e-02       1.065406559039e+04 
       6.078036250768e-02       1.053262615534e+04 
       6.196996070306e-02       1.040256669105e+04 
       6.329097988922e-02       1.026040727572e+04 
       6.476468021081e-02       1.010203462331e+04 
       6.641375412606e-02       9.923234074231e+03 
       6.826018408526e-02       9.717436643754e+03 
       7.032159686357e-02       9.476136205358e+03 
       7.260641920764e-02       9.192830857763e+03 
       7.510937614110e-02       8.861349781404e+03 
       7.780992655185e-02       8.479852254691e+03 
       8.067548170216e-02       8.054725695075e+03 
       8.366834877556e-02       7.597777986154e+03 
       8.675288561424e-02       7.126081998431e+03 
       8.989990793684e-02       6.659659254085e+03 
       9.308784890856e-02       6.216456828698e+03 
       9.630185768181e-02       5.810980420912e+03 
       9.953217632386e-02       5.452909120740e+03 
       1.027725839494e-01       5.147123181070e+03 
       1.060191893251e-01       4.894029219282e+03 
       1.092695869524e-01       4.689414007585e+03 
       1.125223004524e-01       4.526941708761e+03 
       1.157764275946e-01       4.397620871750e+03 
       1.190314183884e-01       4.291760183741e+03 
       1.222869380027e-01       4.199336744051e+03 
       1.255427826922e-01       4.110471492225e+03 
       1.287988284555e-01       4.017444803568e+03 
       1.320549997629e-01       3.914218350296e+03 
       1.353112505380e-01       3.797169642423e+03 
       1.385675526020e-01       3.665548457911e+03 
       1.418238886554e-01       3.521014311749e+03 
       1.450802480171e-01       3.366922687146e+03 
       1.483366240364e-01       3.208373237702e+03 
       1.515930125219e-01       3.050621987832e+03 
       1.548494107868e-01       2.898411986502e+03 
       1.581058170682e-01       2.756539584346e+03 
       1.613622301744e-01       2.628226558138e+03 
       1.646186492692e-01       2.515509539859e+03 
       1.678750737407e-01       2.419002086283e+03 
       1.711315031210e-01       2.338229045801e+03 
       1.743879370362e-01       2.271757685895e+03 
       1.776443751761e-01       2.216980069271e+03 
       1.809008172748e-01       2.171212561463e+03 
       1.841572630988e-01       2.131642807450e+03 
       1.874137124391e-01       2.095211963422e+03 
       1.906701651060e-01       2.058569516346e+03 
       1.939266209257e-01       2.019622823268e+03 
       1.971830797376e-01       1.976359019391e+03 
       2.004395413930e-01       1.928060999320e+03 
       2.036960057533e-01       1.874718735513e+03 
       2.069524726891e-01       1.817211011986e+03 
       2.102089420795e-01       1.756892802490e+03 
       2.134654138111e-01       1.695196601609e+03 
       2.167218877773e-01       1.633925438405e+03 
       2.199783638780e-01       1.574640843915e+03 
       2.232348420192e-01       1.518516255668e+03 
       2.264913221122e-01       1.466731413163e+03 
       2.297478040734e-01       1.419999241384e+03 
       2.330042878238e-01       1.378482282593e+03 
       2.362607732890e-01       1.342298787123e+03 
       2.395172603986e-01       1.310899782760e+03 
       2.427737490860e-01       1.283658160013e+03 
       2.460302392880e-01       1.259611759014e+03 
       2.492867309450e-01       1.237794217260e+03 
       2.525432240003e-01       1.217052175159e+03 
       2.557997184002e-01       1.196655040442e+03 
       2.590562140936e-01       1.175696890356e+03 
       2.623127110320e-01       1.153725269791e+03 
       2.655692091694e-01       1.130426371034e+03 
       2.688257084620e-01       1.105656209246e+03 
       2.720822088680e-01       1.079559843976e+03 
       2.753387103477e-01       1.052423243549e+03 
       2.785952128632e-01       1.024737340796e+03 
       2.818517163785e-01       9.970439928496e+02 
       2.851082208589e-01       9.699289696148e+02 
       2.883647262718e-01       9.438512993290e+02 
       2.916212325856e-01       9.192705128122e+02 
       2.948777397704e-01       8.964060060147e+02 
       2.981342477974e-01       8.754318797256e+02 
       3.013907566392e-01       8.562631990338e+02 
       3.046472662696e-01       8.388404118980e+02 
       3.079037766633e-01       8.229797742389e+02 
       3.111602877964e-01       8.083634856239e+02 
       3.144167996457e-01       7.947483566704e+02 
       3.176733121890e-01       7.817886922921e+02 
       3.209298254051e-01       7.691442046907e+02 
       3.241863392738e-01       7.565016075652e+02 
       3.274428537753e-01       7.437321273555e+02 
       3.306993688909e-01       7.306414887333e+02 
       3.339558846026e-01       7.172305611585e+02 
       3.372124008929e-01       7.034425708089e+02 
       3.404689177453e-01       6.894258083903e+02 
       3.437254351437e-01       6.753010529126e+02 
       3.469819530725e-01       6.612382543160e+02 
       3.502384715171e-01       6.472970269054e+02 
       3.534949904629e-01       6.337330438068e+02 
       3.567515098963e-01       6.206350660030e+02 
       3.600080298040e-01       6.081345502606e+02 
       3.632645501731e-01       5.962800286484e+02 
       3.665210709914e-01       5.851532961379e+02 
       3.697775922468e-01       5.746864287427e+02 
       3.730341139278e-01       5.648738404304e+02 
       3.762906360235e-01       5.555767790443e+02 
       3.795471585230e-01       5.467246124406e+02 
       3.828036814160e-01       5.381665864666e+02 
       3.860602046925e-01       5.298952183497e+02 
       3.893167283429e-01       5.217237350698e+02 
       3.925732523578e-01       5.136552217552e+02 
       3.958297767281e-01       5.056114722030e+02 
       3.990863014452e-01       4.975503060649e+02 
       4.023428265006e-01       4.894753122439e+02 
       4.055993518861e-01       4.813610235250e+02 
       4.088558775937e-01       4.732475246170e+02 
       4.121124036159e-01       4.651646777029e+02 
       4.153689299451e-01       4.572013250851e+02 
       4.186254565743e-01       4.493986117857e+02 
       4.218819834963e-01       4.417765110732e+02 
       4.251385107045e-01       4.343706875475e+02 
       4.283950381924e-01       4.271973903550e+02 
       4.316515659535e-01       4.202790878947e+02 
       4.349080939817e-01       4.136123963997e+02 
       4.381646222710e-01       4.072105233047e+02 
       4.414211508157e-01       4.010645057701e+02 
       4.446776796100e-01       3.951397659797e+02 
       4.479342086486e-01       3.894169340772e+02 
       4.511907379261e-01       3.838487483963e+02 
       4.544472674373e-01       3.784100078372e+02 
       4.577037971773e-01       3.730524033018e+02 
       4.609603271412e-01       3.677804361651e+02 
       4.642168573243e-01       3.625802679934e+02 
       4.674733877219e-01       3.574075943516e+02 
       4.707299183296e-01       3.522873285896e+02 
       4.739864491431e-01       3.471926768669e+02 
       4.772429801581e-01       3.421545027693e+02 
       4.804995113706e-01       3.371573370020e+02 
       4.837560427764e-01       3.322068316094e+02 
       4.870125743718e-01       3.273605421024e+02 
       4.902691061529e-01       3.226105257426e+02 
       4.935256381161e-01       3.179726256491e+02 
       4.967821702577e-01       3.134554571695e+02 
       5.000387025742e-01       3.090620208871e+02 
       5.032952350623e-01       3.047963750428e+02 
       5.065517677187e-01       3.006501192239e+02 
       5.098083005400e-01       2.966123360274e+02 
       5.130648335232e-01       2.926697383517e+02 
       5.163213666651e-01       2.888326023964e+02 
       5.195778999629e-01       2.850829341669e+02 
       5.228344334134e-01       2.814047815542e+02 
       5.260909670140e-01       2.777871691106e+02 
       5.293475007619e-01       2.742195038272e+02 
       5.326040346542e-01       2.706931077377e+02 
       5.358605686884e-01       2.672076510940e+02 
       5.391171028620e-01       2.637623574192e+02 
       5.423736371723e-01       2.603612320434e+02 
       5.456301716170e-01       2.570088478911e+02 
       5.488867061935e-01       2.537068547308e+02 
       5.521432408997e-01       2.504571621776e+02 
       5.553997757332e-01       2.472606163024e+02 
       5.586563106917e-01       2.441244706542e+02 
       5.619128457732e-01       2.410405163650e+02 
       5.651693809753e-01       2.380134884371e+02 
       5.684259162962e-01       2.350560755692e+02 
       5.953765114592e-01       2.127361351060e+02 
       6.257188705497e-01       1.908846645323e+02 
       6.606204704796e-01       1.694571578655e+02 
       7.019566978377e-01       1.481912185259e+02 
       7.529587405454e-01       1.267889639935e+02 
       8.196796429231e-01       1.047887505246e+02 
       9.144651436458e-01       8.176427189421e+01 
       1.062852695360e+00       5.789009958414e+01 
       1.301278486651e+00       3.610287999929e+01 
       1.634134860465e+00       2.102351466836e+01 
       2.057160694410e+00       1.206143159941e+01 
       2.589811445342e+00       6.861378097763e+00 
       3.260379440005e+00       3.874351386180e+00 
       4.104574529114e+00       2.172872404437e+00 
       5.167353179304e+00       1.211062627640e+00 
