-6.30655641549  -0.471251409245
-6.08946472644  -0.285231116122
-5.86646237154  -0.346110484780
-5.83885314691  -0.552423900789
-5.75357208150  -0.254791431793
-5.71875122425  -0.403607666291
-5.66952668968  -0.396843291995
-5.74808092438   0.367531003382
-5.58584367505   0.211950394589
-5.51759433777  -0.200676437430
-5.47842005720  -0.369785794814
-5.46556056378  -0.014656144307
-5.44677081656   0.052987598647
-5.38024848411   0.218714768884
-5.37432965660  -0.045095828636
-5.33669629526  -0.021420518602
-5.38000689931  -0.281848928974
-5.39442853225  -0.400225479143
-5.30611296592  -0.390078917700
-5.35292328486   0.600901916573
-5.33994626371   0.712514092446
-5.24874963545   0.753100338219
-5.19905498992  -0.214205186020
-5.18872560755  -0.616685456595
-5.11792657128  -0.312288613303
-5.10482712540  -0.454340473506
-5.14135376720   0.228861330327
-5.09944043738   0.384441939121
-5.08931999321   0.414881623450
-5.09088376507   0.655016910936
-5.07793612585   0.827508455468
-4.93146554914   0.340473506201
-4.90976699038   0.381059751973
-4.90375348774  -0.078917700113
-4.98187678740  -0.207440811725
-4.98038647038  -0.295377677565
-5.03519030788  -0.741826381060
-4.97136458410  -0.988726042841
-4.78030039219  -0.873731679820
-4.78037547936  -0.718151071026
-4.77912021782  -0.319052987599
-4.76621828383  -0.051860202931
-4.80681432358   0.063134160090
-4.82723476819   0.374295377678
-4.72435882089   0.215332581736
-4.71265175225  -0.041713641488
-4.69366612546  -0.379932356257
-4.68408598242   0.770011273957
-4.61023938659   0.759864712514
-4.62597014795   0.354002254791
-4.56218523242   0.191657271702
-4.55348491510   0.164599774521
-4.55625334628  -0.099210822999
-4.51564914488  -0.231116121759
-4.52129700565  -0.528748590755
-4.53417119003  -0.853438556933
