Ho      EP     EN    Year      Type
 75    +25    -25    1958.35     AS
136     14    -14    1958        A 
120    +25    -20    1960.27     AV
100    +20    -17    1960        AV
125    +5     -5     1960.79     O 
130    +30    -30    1961        O 
 98    +15    -15    1962.5      AS
 79    +12    -12    1968.164    G 
 75    +19    -15    1968.43     AS
 95    +15    -12    1970.104    AV
 40    +25    -13    1973        S 
 95    +36    -36    1972.72     NV
 60    +15    -15    1974.71     2A
 55    +9     -9     1974.912    OS
 57    +6     -6     1974.957    OS
 57    +3     -3     1975.169    OS
 59    +4     -4     1975.291    OS
 95    +15    -12    1975.5      AV
 55    +5     -5     1975.52     AS
 41    +3     -3     1976.67     O 
 76    +8     -8     1976.708    O 
 50    +4     -4     1976.875    BS
 80    +8     -8     1977.175    B 
 54    +58    -28    1977.25     O 
 49    +2     -2     1977.624    OS
 49    +9     -9     1977.42     S 
 52    +2     -2     1977.5      AS
 83    +19    -19    1977.52     B 
 76    +8     -8     1977.54     B 
 90     10    -10    1977.56     AV
110    +10    -10    1977.875    O 
 85     9     -9     1978        NAA
 51    +2     -2     1979.128    O 
 58    +17    -5     1979.207    OK
 60    +15    -10    1979.209    OK
 56    +15    -15    1979.24     S 
 61    +4     -4     1979.253    HK
 59    +8     -8     1979.42     O 
 80    +11    -11    1979.67     G 
100    +10    -10    1979.739    AV
100    +10    -10    1979.79     AV
 75    +15    -15    1980.125    O 
 65    +4     -4     1980.419    HK
 95    +4     -4     1980.503    HK
 50    +8     -8     1980.75     AS
 55    +6     -6     1981.503    OK
 50    +7     -7     1982        AS
 95    +10    -10    1982.731    AV
 63     10    -10    1982.458    HK
 50    +7     -7     1982.374    AS
 71    +2     -2     1982.5      R 
100    +10    -10    1983.05     AV
 82    +10    -10    1983.083    HK
 93    +10    -10    1983.169    O 
 74    +11    -11    1983.957    R 
 55    +9     -9     1984.07     H 
 91    +3     -3     1984.207    HK
 85    +5     -5     1984.54     O 
102    +8     -8     1984.56     O 
 75     8     -8     1984.8      L 
101    +10    -10    1984.919    A 
 97    +20    -20    1985.086    S 
 99    +7     -7     1985.75     SV
 50    +7     -7     1985.5      AS
 70    +30    -30    1985.52     S 
 55    +15    -15    1985.54     S 
 43    +10    -10    1985.56     SS
120    +20    -20    1985.5      O 
 52    +2     -2     1985.54     AS
 60     10    -10    1985.58     S 
 55    +15    -15    1985.6      S 
 67    +4     -4     1985.64     H 
 50    +7     -7     1986        AS
 85    +25    -20    1986.02     HK
 92    +1     -1     1986.207    HK
 90    +20    -20    1986.253    AK
109    +4     -4     1986.355    O 
 43    +10    -10    1986.5      AS
 50    +7     -7     1985.502    O 
 99    +10    -10    1986.6      AV
 60    +10    -10    1986.62     S 
 85    +15    -15    1986.64     HK
 55    +5     -5     1986.66     B 
 60     6     -6     1986.68     BS
 72    +3     -3     1986.7      B 
 70    +5     -5     1986.72     A 
 67     7     -7     1986.75     L                     
105    +11    -11    1986.79     A 
 55    +7     -7     1987.2      AS
 90     10    -10    1987.22     HK
 67    +10    -10    1987.417    D 
 92    +30    -30    1987.5      HK
 50    +10    -10    1987.52     AS
 69    +14    -14    1987.54     N 
 60    +15    -15    1987.669    S 
 48    +12    -12    1988.458    O 
 75    +5     -5     1988.79     D 
 88    +35    -35    1988.92     HK
 55    +15    -15    1988.94     D 
 70    +20    -20    1988.96     AV
 57    +10    -10    1988.98     S 
 66    +10    -10    1988.1      A 
 90    +5     -5     1988.556    A 
 65    +25    -20    1988.5      S 
 56    +12    -12    1988.333    NS
 85    +10    -10    1988.54     R 
 42    +11    -11    1988.622    AS
 56    +13    -13    1988.624    AS
 57    +1     -1     1988.626    BS
 89    +10    -10    1988.874    O 
 75    +15    -15    1989        L 
105    +35    -35    1989.02     L 
 88    +26    -20    1989.874    F 
 90    +15    -15    1989.207    HK
 85    +5     -5     1989.708    D 
 72    +3     -3     1989.5      B 
 67    +8     -8     1989.55     AV
 24    +13    -10    1990.04     O 
 68    +8     -8     1990.054    B 
 73    +10    -10    1990.2      A 
 87    +13    -12    1990.472    PK
 71    +4     -3     1990.5      B   
 45    +3     -3     1990.944    AS
 70    +10    -10    1991        A 
 84    +10    -10    1991.02     A 
 52    +2     -2     1991.04     AS
 69    +14    -14    1991.06     A 
 50    +17    -17    1991.223    L 
 82    +7     -7     1991.387    F 
 52    +2     -2     1991.5      A 
 55    +15    -15    1991.52     Z 
 92    +21    -17    1991.554    B 
 45    +12    -12    1991.753    Z 
 87    +12    -12    1991.97     PK
 90    +10    -10    1992.25     A 
 85    +10    -10    1992.297    AK
 55    +25    -25    1992.5      L 
 45    +9     -9     1992.943    SS
 80    +12    -12    1992.6      A 
 44    +3     -3     1992.75     O 
 63    +3     -3     1992.78     O 
 77    +8     -8     1992.919    O 
 43    +11    -11    1993.002    OS
 44    +12    -12    1993.5      OS
 90    +10    -10    1993.52     A 
 58    +10    -10    1993.54     S 
 86    +18    -18    1993.6      P 
 47    +5     -5     1993.72     SS
 89    +6     -6     1993.722    AV
 85    +4     -4     1993.724    GV
 75    +8     -8     1993.777    G 
 55    +17    -17    1994.002    Z 
 53    +8     -8     1994.169    SS
 52    +9     -9     1994.278    SS
 81    +17    -15    1994.291    S 
 73    +7     -7     1994.669    S 
 80    +17    -17    1994.823    TK
 67    +7     -7     1995        S 
 52    +8     -8     1995.002    SS
 58    +6     -6     1995.25     Z 
 55    +7     -7     1995.44     AS
 50    +5     -5     1995.5      AS
 60    +4     -4     1995.55     S 
 71    +30    -25    1995.61     Z 
 80    +17    -17    1995.637    TK
 69    +8     -8     1995.686    A 
 80    +17    -17    1995.791    TK
 70    +13    -13    1995.804    O 
 57    +3     -2     1995.86     SV
 78    +11    -11    1995.917    G 
 70    +9     -9     1995.93     AK
 55    +10    -10    1995.94     AS
 69    +8     -8     1995.95     O 
 78    +11    -11    1995.96     G 
 81    +8     -8     1995.976    OV
 66    +6     -6     1995.99     S 
 50    +2     -2     1996        AS          
 77    +22    -2     1996.02     AV              
 56    +5     -5     1996.05     OS
 55    +5     -5     1996.07     OS
 55    +10    -10    1996.1      AS
 84    +4     -4     1996.143    PK
 76    +8     -8     1996.15     O 
 67    +9     -9     1996.17     S 
 57    +4     -4     1996.22     SS
 65    +8     -8     1996.25     S 
 55    +3     -3     1996.26     S 
 57    +4     -4     1996.333    S 
 40    +10    -10    1996.375    Z 
 70    +5     -5     1996.377    R 
 60    +3     -3     1996.379    SS
 54    +4     -4     1996.381    SS
 73    +10    -10    1996.383    TK
 73    +10    -10    1996.385    TK
 74    +11    -11    1996.38     TK
 82    +13    -13    1996.387    G 
 81    +6     -6     1996.389    F 
 62    +9     -9     1996.44     GS
 85    +10    -13    1996.444    L 
 60    +10    -10    1996.48     A 
 55    +10    -10    1996.5      AS
 68    +7     -7     1996.53     S 
 56    +3     -3     1996.554    SS
 73    +7     -7     1996.58     2A
 69    +8     -8     1996.667    A 
 72    +10    -12    1996.68     G 
 57    +5     -5     1996.78     S 
 63    +12    -12    1996.84     L 
 51    +14    -13    1996.89     L 
 58    +9     -9     1996.91     O 
 55    +5     -5     1996.92     SS
 73    +10    -10    1996.92     AK
 63    +3     -3     1996.92     S 
 65    +8     -8     1996.93     GK
 55    +10    -10    1996.93     AS
 72    +6     -9     1996.94     AV
 70    +10    -10    1996.95     Z 
 98    +12    -11    1996.96     L 
 72    +12    -12    1996.97     H 
 58    +7     -8     1996.98     SS
 55    +10    -10    1997        AS
 93    +12    -10    1997.01     O 
 70    +7     -7     1997.02     D 
 67    +8     -8     1997.02     D 
 68    +6     -6     1997.03     G 
 73    +8     -8     1997.04     TK
 67    +9     -9     1997.05     S 
 64    +20    -22    1997.06     L 
 81    +6     -6     1997.08     F 
 80    +8     -9     1997.09     SV
 74    +5     -5     1997.1      S 
 82    +10    -10    1997.11     B 
 68    +8     -8     1997.13     T 
 62    +7     -7     1997.137    L 
 92    +12    -12    1997.15     O 
 69    +5     -5     1997.17     R 
 75    +6     -6     1997.18     D 
 69    +8     -8     1997.19     A 
 74    +14    -14    1997.21     rK
 68    +3     -3     1997.225    SI
 70    +10    -10    1997.23     AK
 67    +3     -3     1997.235    CI
 65    +10    -10    1997.24     LI
 60    +10    -10    1997.245    ZI
 58    +10    -5     1997.25     A 
 65    +16    -16    1997.306    L 
 52    +6     -6     1997.333    O 
 78    +60    -40    1997.36     Z 
 52    +14    -14    1997.368    L 
 53    +10    -7     1997.371    L 
 66    +5     -5     1997.376    S 
 71    +11    -11    1997.384    F 
 55    +5     -5     1997.4      B 
 44    +7     -7     1997.41     Z 
 60    +2     -2     1997.42     O 
 70    +10    -10    1997.436    TK
 54    +14    -14    1997.22     Z 
 53    +5     -5     1997.5      B 
 57    +5     -5     1997.5      B 
 50    +20    -20    1997.625    C 
 89    +10    -10    1997.659    F 
 82    +8     -8     1997.661    F 
 53    +3     -3     1997.667    O 
 66    +12    -12    1997.7      S 
 61    +9     -9     1997.689    L 
 56    +7     -7     1997.75     SS
 57    +5     -5     1997.8      B 
 50    +3     -3     1997.944    S 
 65    +10    -10    1997.958    S 
 60    +10    -10    1998.021    S 
 47    +23    -15    1998.051    Z 
 65    +20    -14    1998.074    B 
 66    +15    -14    1998.081    L 
 82    +16    -16    1998.092    R 
 30    +18    -7     1998.1      CM
 47    +6     -6     1998.113    CM
 42    +12    -9     1998.14     Z 
 62    +7     -7     1998.16     L 
 72    +12    -12    1998.2      TK
 58    +11    -11    1998.158    CM
 57    +7     -7     1998.169    BS
 60    +11    -11    1998.194    O 
 56    +3     -3     1998.2      B 
 51    +4     -4     1998.2      B 
 57    +8     -8     1998.212    O 
 58    +19    -18    1998.214    L 
 70    +10    -10    1998.22     Z 
 57    +7     -7     1998.223    AS
 74    +8     -7     1998.231    L 
 60    +6     -6     1998.25     S 
 57    +7     -7     1998.344    AS
 62    +6     -6     1998.345    G 
 61    +13    -15    1998.9      L 
 68    +5     -5     1998.37     A 
 79    +7     -7     1998.382    A 
 61    +5     -5     1998.406    O 
 77    +8     -8     1998.444    O 
 55    +10    -10    1998.5      L 
 65    +3     -3     1998.55     S 
 87    +11    -11    1998.6      F 
 55    +8     -8     1998.621    S 
 49    +29    -29    1998.632    Z 
 79    +12    -12    1998.667    D 
 47    +14    -14    1998.67     Z 
 70    +18    -18    1998.678    T 
 71    +13    -13    1998.681    L 
 82    +8     -8     1998.714    G 
 77    +4     -4     1998.756    R 
 60    +10    -10    1998.775    O 
 53    +38    -28    1998.85     Z 
 64    +4     -4     1998.869    S 
 42    +9     -9     1998.883    O 
 69    +8     -8     1999.07     R    
 64    +4     -4     1999        S 
 73    +8     -8     1999.02     AK   
 58    +11    -11    1999.04     OC
 61    +6     -6     1999.095    S 
 44    +7     -7     1999.155    Z 
 59    +5     -5     1999.21     S 
 77    +29    -24    1999.218    L 
 69    +13    -19    1999.253    L 
 65    +5     -5     1999.258    A 
 57    +23    -16    1999.288    ZC
 46    +14    -11    1999.29     Z 
 63    +7     -7     1999.3      L 
 62    +5     -5     1999.317    S 
 56    +6     -6     1999.322    OS
 52    +5     -4     1999.325    B 
 60    +2     -2     1999.328    SS
 65    +2     -2     1999.35     S 
 72    +6     -6     1999.352    O 
 70    +5     -6     1999.382    AK
 79    +7     -7     1999.403    S 
 68    +10    -10    1999.409    A 
 73    +11    -13    1999.41     Z 
 78    +11    -11    1999.419    DK
 71    +8     -8     1999.42     BK
 69    +7     -7     1999.43     OK
 68    +5     -5     1999.44     SK
 68    +6     -6     1999.445    AK
 71    +6     -6     1999.445    AK
 79    +7     -7     1999.446    S 
 60    +12    -12    1999.447    Z 
 63    +12    -12    1999.447    Z 
 67    +12    -12    1999.447    Z 
 69    +18    -12    1999.448    L 
 64    +8     -6     1999.458    S 
 65    +8     -8     1999.464    A 
 63    +4     -4     1999.516    S 
 77    +7     -7     1999.52     F 
 74    +7     -7     1999.538    F 
 59    +8     -7     1999.556    LC
 68    +13    -13    1999.557    LC
 74    +18    -17    1999.56     L 
 55    +15    -14    1999.56     L 
 71    +7     -5     1999.561    L 
 69    +13    -10    1999.562    L 
 65    +1     -1     1999.575    S 
 68    +5     -5     1999.618    SK
 66    +6     -6     1999.669    O 
 69    +6     -6     1999.672    FK
 71    +7     -7     1999.675    AK
 72    +4     -4     1999.689    S 
 71    +6     -6     1999.692    AK
 78    +10    -10    1999.706    DK
 60    +20    -15    1999.708    L                               
 71    +8     -8     1999.711    TK
 71    +6     -6     1999.715    AK
 68    +6     -6     1999.717    AK
 69    +13    -19    1999.733    L              
 74    +4     -4     1999.803    S 
 57    +3     -3     1999.808    O 
 77    +8     -8     1999.846    R 
 81    +10    -10    1999.847    H 
 69    +9     -9     1999.866    G 
 61    +11    -11    1999.87     L 
 58    +5     -5     1999.88     SS
 63    +21    -21    1999.92     Z 
 55    +3     -3     1999.97     O 
 70    +12    -12    1999.98     O 
 50    +22    -17    2000.01     Z 
 70    +15    -32    2000.167    O 
 59    +6     -6     2000.267    SS
 71    +7     -7     2000.286    A 
 85    +5     -5     2000.35     O 
 92    +5     -5     2000.354    O 
 40    +13    -13    2000.4      O 
 67    +2     -2     2000.436    A 
 70    +4     -4     2000.508    S 
 71    +7     -7     2000.524    AK
 52    +14    -8     2000.53     L 
 65    +8     -8     2000.535    A                            
 59    +38    -28    2000.586    ZC
 65    +2     -2     2000.591    S                                                                                  
 68    +10    -10    2000.63     O 
 62    +18    -18    2000.678    LC                                  
 71    +22    -19    2000.681    OC
 62    +8     -2     2000.794    CC
 58    +6     -6     2000.814    SS         
 71    +6     -6     2000.852    LC
 64    +4     -4     2000.853    LC
 69    +13    -19    2000.87     L 
 76    +1     -1     2000.88     F 
 73    +2     -2     2000.89     F 
 70    +9     -9     2000.892    AC
 73    +7     -7     2000.906    SK
 73    +7     -7     2000.91     SK             
 63    +6     -6     2000.926    A   
 70    +5     -5     2000.928    A 
 72    +8     -8     2000.95     AK
 71    +12    -9     2000.968    A 
 79    +4     -4     2000.984    C 
 66    +14    -11    2001.029    ZC
 64    +14    -11    2001.029    ZC
 66    +14    -11    2001.03     ZC
 64    +14    -11    2001.03     ZC
 70    +7     -7     2001.098    A 
 73    +4     -4     2001.128    H 
 68    +6     -6     2001.143    A 
 63    +7     -7     2001.164    TI
 59    +8     -7     2001.179    ZC
 65    +8     -7     2001.181    ZC
 61    +15    -15    2001.379    CC
 69    +4     -4     2001.42     F 
 69    +6     -5     2001.447    L 
 65    +6     -6     2002.5      T 
 65    +6     -6     2001.532    O 
 59    +6     -6     2001.551    SS
 71    +8     -8     2001.6      F 
 60    +10    -10    2001.64     H 
 67    +8     -8     2001.796    A 
 48    +4     -4     2001.847    LC
 62    +4     -4     2001.847    LC
 73    +11    -11    2001.858    F 
 58    +17    -15    2001.925    LC
 73    +11    -11    2001.922    A 
 65    +8     -8     2001.943    LC
 77    +4     -4     2001.954    LC
 72    +8     -8     2001.964    A 
 57    +2     -2     2001.98     AS
 55    +12    -12    2002.046    2A
 72    +7     -7     2002.08     AK
 91    +10    -10    2002.086    T 
 44    +9     -9     2002.089    LC
 72    +6     -2     2002.143    A 
 48    +7     -4     2002.259    L 
 71    +6     -6     2002.261    L 
 62    +7     -7     2002.263    L 
 71    +8     -8     2002.355    L 
 72    +4     -13    2002.366    A 
 73    +8     -8     2002.389    LC
 51    +5     -5     2002.391    LC
 60    +13    -18    2002.395    ZC
 78    +7     -7     2002.453    P 
 56    +6     -4     2002.597    LC
 57     2     -2     2002.594    SS                                     
 63    +17    -17    2002.645    LC
 51    +9     -9     2002.663    LC
 66    +6     -6     2002.655    O 
 59    +12    -7     2002.918    LC
 71    +6     -6     2002.949    F 
 72    +15    -13    2002.973    CC
 81    +10    -10    2003.04     2A                                        
 67    +4     -4     2003.055    S 
 71    +4     -3     2003.122    OC
 70    +3     -3     2003.155    OC
 56    +4     -4     2003.177    O 
 57    +2     -2     2003.215    AS
 70    +10    -10    2003.218    S 
 77    +20    -20    2003.239    Z 
 66    +5     -5     2003.25     A 
 72    +8     -8     2003.3      AK                           
 57    +15    -15    2003.376    2A
 59    +11    -11    2003.376    2A
 77    +19    -15    2003.39     ZC
 85    +20    -17    2003.39     ZC
 48    +3     -3     2003.422    LC
 71    +3     -3     2003.422    LC
 61    +18    -18    2003.431    ZC
 75    +7     -6     2003.45     LC
 72    +7     -7     2003.648    AK
 58    +4     -3     2003.728    ZC
 72    +8     -8     2003.74     S                                                      
 70    +4     -3     2003.825    CC
 68    +2     -2     2003.9      OC
 78    +6     -6     2003.94     LC
 71    +3     -3     2004.04     S 
 31    +19    -17    2004.109    ZC
 73    +9     -5     2004.141    CC
 69    +8     -8     2004.15     CK
 70    +5     -5     2004.347    LC
 57    +15    -14    2004.35     OC
 69    +8     -8     2004.387    ZC
 67    +5     -5     2004.409    ZC
 75    +8     -8     2004.42     LC
 73    +3     -3     2004.5      OC
 56    +23    -23    2004.518    LC
 49    +6     -11    2004.52     LC
 72    +7     -7     2004.55     AK                
 67    +15    -6     2004.584    ZC
 78    +6     -6     2004.68     LC         
 64    +9     -7     2004.7      LC
 70    +7     -7     2004.91     CC
 76    +6     -6     2004.92     LC
 73    +5     -5     2005.58     S 
 74    +2     -2     2005.6      OC
 60    +7     -7     2005.9      A 
 77    +10    -8     2005.95     ZC
 63    +5     -5     2005.97     SS
 73    +3     -3     2006.218    CC
 72    +6     -6     2006.2      SC
 62    +5     -5     2006.228    SS
 74    +5     -5     2006.25     S 
 71    +2     -2     2006.267    OC
 70    +2     -2     2006.39     SC
 74    +4     -4     2006.45     SC
 72    +6     -6     2006.5      S 
 76    +10    -8     2006.6      Z 
 56    +9     -7     2006.664    TS
 68    +8     -8     2006.739    LC
 74    +6     -6     2006.75     T 
 63    +5     -5     2006.8      FS
 77    +5     -5     2006.853    P 
 74    +4     -4     2006.917    ZC
 74    +6     -6     2006.93     AK
 49    +6     -11    2007.13     LC
 52    +4     -3     2007.72     LC
 76    +8     -8     2007.364    A 
 73    +8     -8     2007.591    S 
 71    +4     -4     2007.708    OC
 77    +7     -7     2007.903    O 
 61    +9     -8     2007.949    T 
 70    +1     -1     2008.175    CC
 71    +1     -2     2008.177    CC
 52    +4     -4     2008.833    2A
 62    +8     -4     2009.18     LC
 74    +4     -4     2009.45     S 
 64    +5     -5     2009.355    S 
 76    +25    -24    2009.36     2A
 72    +1     -1     2009.551    OM
 63    +2     -2     2010.277    AS
 73    +4     -4     2010.281    AK
 62    +6     -4     2010.689    LC
