# Matter power spectrum P(k) at redshift z=0
# for k=1.04232e-05 to 5.30028 h/Mpc,
# number of wavenumbers equal to 556
#    1:k (h/Mpc)              2:P (Mpc/h)^3        
       1.042318509985e-05       4.830816748858e+01 
       2.326668950491e-05       1.049326182510e+02 
       3.615510854550e-05       1.606341946519e+02 
       4.912291784486e-05       2.159837877356e+02 
       6.220516005698e-05       2.713102462101e+02 
       7.543775552495e-05       3.268623834953e+02 
       8.885782281869e-05       3.828545044287e+02 
       1.025040133926e-04       4.394850752311e+02 
       1.164168646358e-04       4.969463537276e+02 
       1.306391756219e-04       5.554302360537e+02 
       1.452164098706e-04       6.151323546887e+02 
       1.601971293804e-04       6.762552843166e+02 
       1.756334640165e-04       7.390112981465e+02 
       1.915816199875e-04       8.036248994325e+02 
       2.081024305075e-04       8.703352556773e+02 
       2.252619507022e-04       9.393986200631e+02 
       2.431320972150e-04       1.011090755297e+03 
       2.617913305784e-04       1.085709390574e+03 
       2.813253749961e-04       1.163576687344e+03 
       3.018279653860e-04       1.245041669604e+03 
       3.234016050253e-04       1.330482549237e+03 
       3.461583084983e-04       1.420308833632e+03 
       3.702202935221e-04       1.514963057878e+03 
       3.957205713523e-04       1.614921938337e+03 
       4.228033688460e-04       1.720696650823e+03 
       4.516242963770e-04       1.832831934388e+03 
       4.823501559069e-04       1.951903571850e+03 
       5.151582650215e-04       2.078513815602e+03 
       5.502351595358e-04       2.213284267044e+03 
       5.877745349480e-04       2.356845737821e+03 
       6.279743026892e-04       2.509824744738e+03 
       6.710326785180e-04       2.672826477230e+03 
       7.171432940167e-04       2.846414382863e+03 
       7.664894301721e-04       3.031086997020e+03 
       8.192376087604e-04       3.227253126198e+03 
       8.755309260154e-04       3.435207092257e+03 
       9.354826456508e-04       3.655106125535e+03 
       9.991706491837e-04       3.886952290042e+03 
       1.066633337124e-03       4.130581131599e+03 
       1.137867466218e-03       4.385658860361e+03 
       1.212828202439e-03       4.651688580824e+03 
       1.291431402338e-03       4.928025961985e+03 
       1.373557862468e-03       5.213890190316e+03 
       1.459059056400e-03       5.508396591097e+03 
       1.547763753426e-03       5.810637700175e+03 
       1.639484896428e-03       6.119642698502e+03 
       1.734026193550e-03       6.434431116340e+03 
       1.831188015966e-03       6.754036287331e+03 
       1.930772353084e-03       7.077524428241e+03 
       2.032586724939e-03       7.404008984803e+03 
       2.136447069122e-03       7.732660393204e+03 
       2.242179699083e-03       8.062712126765e+03 
       2.349622474091e-03       8.393463456103e+03 
       2.458625335923e-03       8.724279166145e+03 
       2.569050362325e-03       9.054587790420e+03 
       2.680771470702e-03       9.383878583270e+03 
       2.793673883698e-03       9.711697519479e+03 
       2.907653445613e-03       1.003764263135e+04 
       3.022615857602e-03       1.036136032389e+04 
       3.138475881524e-03       1.068254010378e+04 
       3.255156547540e-03       1.100091096482e+04 
       3.372588389020e-03       1.131623657283e+04 
       3.490708719541e-03       1.162831230406e+04 
       3.609460960337e-03       1.193696091193e+04 
       3.728794022005e-03       1.224203183461e+04 
       3.848661741109e-03       1.254339415587e+04 
       3.969022370231e-03       1.284094043453e+04 
       4.089838118760e-03       1.313457624654e+04 
       4.211074740932e-03       1.342422783873e+04 
       4.332701167300e-03       1.370983061982e+04 
       4.454689175713e-03       1.399133806765e+04 
       4.577013097991e-03       1.426870806291e+04 
       4.699649558625e-03       1.454190881337e+04 
       4.822577242125e-03       1.481087293396e+04 
       4.945776685901e-03       1.507569426534e+04 
       5.069230095820e-03       1.533628109719e+04 
       5.192921181927e-03       1.559265337719e+04 
       5.316835012004e-03       1.584484661140e+04 
       5.440957880965e-03       1.609288579197e+04 
       5.565277194257e-03       1.633671094117e+04 
       5.689781363673e-03       1.657637215261e+04 
       5.814459714164e-03       1.681113913719e+04 
       5.939302400389e-03       1.704250611852e+04 
       6.064300331913e-03       1.726971797482e+04 
       6.189445106065e-03       1.749292483060e+04 
       6.314728947613e-03       1.771222565263e+04 
       6.440144654486e-03       1.792768731088e+04 
       6.565685548890e-03       1.813869124178e+04 
       6.691345433214e-03       1.834578627651e+04 
       6.817118550219e-03       1.854889818831e+04 
       6.942999547047e-03       1.874823264604e+04 
       7.068983442635e-03       1.894367104763e+04 
       7.195065598197e-03       1.913535752433e+04 
       7.321241690426e-03       1.932316904721e+04 
       7.447507687166e-03       1.950708869383e+04 
       7.573859825271e-03       1.968751482825e+04 
       7.700294590456e-03       1.986471092201e+04 
       7.826808698932e-03       2.003775737312e+04 
       7.953399080635e-03       2.020717196837e+04 
       8.080062863922e-03       2.037300278341e+04 
       8.206797361564e-03       2.053537833782e+04 
       8.333600057928e-03       2.069421460474e+04 
       8.460468597232e-03       2.084959086064e+04 
       8.587400772771e-03       2.100154822981e+04 
       8.714394517025e-03       2.115012505175e+04 
       8.841447892570e-03       2.129534204763e+04 
       8.968559083715e-03       2.143721919732e+04 
       9.095726388808e-03       2.157584280086e+04 
       9.222948213141e-03       2.171123470802e+04 
       9.350223062410e-03       2.184340841237e+04 
       9.477549536684e-03       2.197243328615e+04 
       9.604926324824e-03       2.209774916010e+04 
       9.732352199337e-03       2.222116141947e+04 
       9.859826011605e-03       2.234080700829e+04 
       9.987346687481e-03       2.245749182290e+04 
       1.011491322320e-02       2.257117875232e+04 
       1.024252468160e-02       2.268190156103e+04 
       1.037018018859e-02       2.278976054436e+04 
       1.049787892995e-02       2.289459404799e+04 
       1.062562014824e-02       2.299669159041e+04 
       1.075340314003e-02       2.309583855775e+04 
       1.088122725330e-02       2.319222115638e+04 
       1.100909188501e-02       2.328586650835e+04 
       1.113699647885e-02       2.337676830228e+04 
       1.126494052313e-02       2.346504885495e+04 
       1.139292354886e-02       2.355057330436e+04 
       1.152094512792e-02       2.363336432529e+04 
       1.164900487138e-02       2.371366110441e+04 
       1.177710242795e-02       2.379143383974e+04 
       1.190523748249e-02       2.386648346804e+04 
       1.203340975469e-02       2.393909531173e+04 
       1.216161899776e-02       2.400929241074e+04 
       1.228986499734e-02       2.407695680201e+04 
       1.241814757030e-02       2.414226713443e+04 
       1.254646656383e-02       2.420505467441e+04 
       1.267482185444e-02       2.426546390942e+04 
       1.280321334712e-02       2.432361157374e+04 
       1.293164097451e-02       2.437942500083e+04 
       1.306010469616e-02       2.443295173891e+04 
       1.318860449784e-02       2.448417732234e+04 
       1.331714039092e-02       2.453330292403e+04 
       1.344571241175e-02       2.458004596676e+04 
       1.357432062114e-02       2.462463400496e+04 
       1.370296510385e-02       2.466719260111e+04 
       1.383164596815e-02       2.470747747753e+04 
       1.396036334541e-02       2.474570389638e+04 
       1.408911738970e-02       2.478195438800e+04 
       1.421790827747e-02       2.481601968720e+04 
       1.434673620723e-02       2.484803153098e+04 
       1.447560139929e-02       2.487812337708e+04 
       1.460450409553e-02       2.490625095446e+04 
       1.473344455913e-02       2.493245191586e+04 
       1.486242307446e-02       2.495669700008e+04 
       1.499143994688e-02       2.497904947721e+04 
       1.512049550260e-02       2.499956300378e+04 
       1.524959008862e-02       2.501815558835e+04 
       1.537872407260e-02       2.503488933942e+04 
       1.550789784284e-02       2.504985709888e+04 
       1.563711180819e-02       2.506304525269e+04 
       1.576636639812e-02       2.507452390164e+04 
       1.589566206265e-02       2.508422231928e+04 
       1.602499927240e-02       2.509216803265e+04 
       1.615437851868e-02       2.509857617189e+04 
       1.628380031348e-02       2.510314559284e+04 
       1.641326518963e-02       2.510612260625e+04 
       1.654277370086e-02       2.510748513054e+04 
       1.667232642194e-02       2.510732908940e+04 
       1.680192394881e-02       2.510560255226e+04 
       1.693156689875e-02       2.510220740087e+04 
       1.706125591055e-02       2.509733572282e+04 
       1.719099164470e-02       2.509086991011e+04 
       1.732077478363e-02       2.508304030175e+04 
       1.745060603188e-02       2.507365583166e+04 
       1.758048611640e-02       2.506284983612e+04 
       1.771041578677e-02       2.505054085072e+04 
       1.784039581551e-02       2.503626004009e+04 
       1.797042699833e-02       2.502148379368e+04 
       1.810051015451e-02       2.500565421297e+04 
       1.823064612715e-02       2.498679123934e+04 
       1.836083578356e-02       2.496803641481e+04 
       1.849108001562e-02       2.494849298126e+04 
       1.862137974013e-02       2.492599583225e+04 
       1.875173589923e-02       2.490309182080e+04 
       1.888214946080e-02       2.487971965763e+04 
       1.901262141889e-02       2.485421551667e+04 
       1.914315279417e-02       2.482761538351e+04 
       1.927374463438e-02       2.479862074861e+04 
       1.940439801484e-02       2.477091974089e+04 
       1.953511403893e-02       2.474025709204e+04 
       1.966589383859e-02       2.470959944006e+04 
       1.979673857490e-02       2.467674762531e+04 
       1.992764943861e-02       2.464315765527e+04 
       2.005862765073e-02       2.460860652667e+04 
       2.018967446310e-02       2.457284193720e+04 
       2.032079115903e-02       2.453640957362e+04 
       2.045197905395e-02       2.449940583314e+04 
       2.058323949603e-02       2.446082168312e+04 
       2.071457386688e-02       2.442012300736e+04 
       2.084598358227e-02       2.437943640913e+04 
       2.097747009282e-02       2.433886366413e+04 
       2.110903488479e-02       2.429562247105e+04 
       2.124067948081e-02       2.425197306906e+04 
       2.137240544071e-02       2.420765611725e+04 
       2.150421436233e-02       2.416247141414e+04 
       2.163610788236e-02       2.411650763002e+04 
       2.176808767724e-02       2.406959210561e+04 
       2.190015546404e-02       2.402173986452e+04 
       2.203231300142e-02       2.397314815094e+04 
       2.216456209054e-02       2.392373615540e+04 
       2.229690457610e-02       2.387342672443e+04 
       2.242934234735e-02       2.382251369687e+04 
       2.256187733913e-02       2.377067458200e+04 
       2.269451153296e-02       2.371830956608e+04 
       2.282724695818e-02       2.366525263208e+04 
       2.296008569308e-02       2.361115104080e+04 
       2.309302986612e-02       2.355724469126e+04 
       2.322608165712e-02       2.350121141398e+04 
       2.335924329856e-02       2.344592878235e+04 
       2.349251707690e-02       2.338847300145e+04 
       2.362590533388e-02       2.333199025127e+04 
       2.375941046797e-02       2.327357679487e+04 
       2.389303493576e-02       2.321506240792e+04 
       2.402678125348e-02       2.315586457075e+04 
       2.416065199850e-02       2.309622665946e+04 
       2.429464981093e-02       2.303587669134e+04 
       2.442877739525e-02       2.297549254225e+04 
       2.456303752198e-02       2.291432349582e+04 
       2.469743302943e-02       2.285165630861e+04 
       2.483196682550e-02       2.278903763852e+04 
       2.496664188952e-02       2.272651675885e+04 
       2.510146127417e-02       2.266283264820e+04 
       2.523642810747e-02       2.259897124048e+04 
       2.537154559483e-02       2.253487243706e+04 
       2.550681702113e-02       2.246975027632e+04 
       2.564224575297e-02       2.240461612470e+04 
       2.577783524084e-02       2.233880018965e+04 
       2.591358902154e-02       2.227281508628e+04 
       2.604951072057e-02       2.220607039526e+04 
       2.618560405462e-02       2.213960359478e+04 
       2.632187283416e-02       2.207180716182e+04 
       2.645832096613e-02       2.200399428527e+04 
       2.659495245671e-02       2.193587736912e+04 
       2.673177141418e-02       2.186780990870e+04 
       2.686878205193e-02       2.179872926947e+04 
       2.700598869148e-02       2.172967227967e+04 
       2.714339576574e-02       2.166027538759e+04 
       2.728100782227e-02       2.159090450291e+04 
       2.741882952671e-02       2.152046646663e+04 
       2.755686566637e-02       2.145019818946e+04 
       2.769512115391e-02       2.137951900822e+04 
       2.783360103112e-02       2.130888848825e+04 
       2.797231047296e-02       2.123762122535e+04 
       2.811125479163e-02       2.116630049520e+04 
       2.825043944086e-02       2.109452011220e+04 
       2.838987002039e-02       2.102283375026e+04 
       2.852955228053e-02       2.095068531694e+04 
       2.866949212700e-02       2.087832984758e+04 
       2.880969562588e-02       2.080583095029e+04 
       2.895016900883e-02       2.073317771150e+04 
       2.909091867849e-02       2.066026285925e+04 
       2.923195121403e-02       2.058718108688e+04 
       2.937327337705e-02       2.051396422751e+04 
       2.951489211763e-02       2.044052608387e+04 
       2.965681458068e-02       2.036693864990e+04 
       2.979904811250e-02       2.029363207945e+04 
       2.994160026769e-02       2.021940578938e+04 
       3.008447881627e-02       2.014536743927e+04 
       3.022769175122e-02       2.007125436217e+04 
       3.037124729618e-02       1.999708179705e+04 
       3.051515391365e-02       1.992267626665e+04 
       3.065942031348e-02       1.984825217948e+04 
       3.080405546167e-02       1.977367091035e+04 
       3.094906858971e-02       1.969903907956e+04 
       3.109446920420e-02       1.962428179328e+04 
       3.124026709701e-02       1.954975008325e+04 
       3.138647235584e-02       1.947486759181e+04 
       3.153309537530e-02       1.939964827007e+04 
       3.168014686851e-02       1.932465681728e+04 
       3.182763787925e-02       1.924946732208e+04 
       3.197557979463e-02       1.917438834070e+04 
       3.212398435851e-02       1.909917504225e+04 
       3.227286368539e-02       1.902399105453e+04 
       3.242223027514e-02       1.894870758768e+04 
       3.257209702837e-02       1.887358851100e+04 
       3.272247726258e-02       1.879821942402e+04 
       3.287338472918e-02       1.872284540281e+04 
       3.302483363130e-02       1.864739459883e+04 
       3.317683864258e-02       1.857205423936e+04 
       3.332941492692e-02       1.849676466561e+04 
       3.348257815926e-02       1.842135382190e+04 
       3.363634454749e-02       1.834571949919e+04 
       3.379073085548e-02       1.827031718495e+04 
       3.394575442748e-02       1.819494167407e+04 
       3.410143321371e-02       1.811979130279e+04 
       3.425778579750e-02       1.804425078697e+04 
       3.441483142390e-02       1.796907699667e+04 
       3.457259002986e-02       1.789339671177e+04 
       3.473108227629e-02       1.781814300080e+04 
       3.489032958180e-02       1.774295009927e+04 
       3.505035415862e-02       1.766774839982e+04 
       3.521117905044e-02       1.759235819947e+04 
       3.537282817273e-02       1.751707623197e+04 
       3.553532635536e-02       1.744184961816e+04 
       3.569869938792e-02       1.736664709269e+04 
       3.586297406789e-02       1.729166143774e+04 
       3.602817825173e-02       1.721632097577e+04 
       3.619434090941e-02       1.714142628239e+04 
       3.636149218226e-02       1.706631264914e+04 
       3.652966344484e-02       1.699116722826e+04 
       3.669888737067e-02       1.691618203766e+04 
       3.686919800261e-02       1.684126084674e+04 
       3.704063082785e-02       1.676632629168e+04 
       3.721322285818e-02       1.669163403423e+04 
       3.738701271584e-02       1.661657746505e+04 
       3.756204072544e-02       1.654165736256e+04 
       3.773834901251e-02       1.646704821466e+04 
       3.791598160921e-02       1.639218506382e+04 
       3.809498456790e-02       1.631742216540e+04 
       3.827540608314e-02       1.624281387063e+04 
       3.845729662301e-02       1.616809923759e+04 
       3.864070907062e-02       1.609336811253e+04 
       3.882569887660e-02       1.601868220004e+04 
       3.901232422378e-02       1.594406202939e+04 
       3.920064620516e-02       1.586936227571e+04 
       3.939072901644e-02       1.579480758310e+04 
       3.958264016461e-02       1.572015749628e+04 
       3.977645069420e-02       1.564552279564e+04 
       3.997223543294e-02       1.557109140801e+04 
       4.017007325895e-02       1.549631117932e+04 
       4.037004739165e-02       1.542167123661e+04 
       4.057224570895e-02       1.534690618579e+04 
       4.077676109365e-02       1.527205848610e+04 
       4.098369181221e-02       1.519755881808e+04 
       4.119314192960e-02       1.512266544543e+04 
       4.140522176442e-02       1.504793233471e+04 
       4.162004838889e-02       1.497305665302e+04 
       4.183774617922e-02       1.489815072112e+04 
       4.205844742229e-02       1.482292076638e+04 
       4.228229298589e-02       1.474777462919e+04 
       4.250943306017e-02       1.467253227667e+04 
       4.274002797991e-02       1.459734905014e+04 
       4.297424913778e-02       1.452172455010e+04 
       4.321228000113e-02       1.444627766098e+04 
       4.345431724627e-02       1.437037727441e+04 
       4.370057202670e-02       1.429448307225e+04 
       4.395127139440e-02       1.421834111034e+04 
       4.420665989646e-02       1.414203370663e+04 
       4.446700137314e-02       1.406551395537e+04 
       4.473258098808e-02       1.398896592059e+04 
       4.500370752678e-02       1.391189539620e+04 
       4.528071600607e-02       1.383444541428e+04 
       4.556397064533e-02       1.375682835791e+04 
       4.585386825993e-02       1.367913669075e+04 
       4.615084214893e-02       1.360092136933e+04 
       4.645536656398e-02       1.352216317672e+04 
       4.676796186365e-02       1.344299084556e+04 
       4.708920047957e-02       1.336325420598e+04 
       4.741971384791e-02       1.328310475754e+04 
       4.776020049329e-02       1.320217371710e+04 
       4.811143549458e-02       1.312073211633e+04 
       4.847428161466e-02       1.303861543006e+04 
       4.884970244310e-02       1.295585070082e+04 
       4.923877798454e-02       1.287216638345e+04 
       4.964272323229e-02       1.278764922893e+04 
       5.006291040258e-02       1.270187509690e+04 
       5.050089567712e-02       1.261543081563e+04 
       5.095845152254e-02       1.252740398201e+04 
       5.143760593542e-02       1.243844886836e+04 
       5.194069031746e-02       1.234797159820e+04 
       5.247039813345e-02       1.225538223815e+04 
       5.302985705956e-02       1.216077698769e+04 
       5.362271800003e-02       1.206426369015e+04 
       5.425326512213e-02       1.196501806475e+04 
       5.492655186643e-02       1.186267501122e+04 
       5.564856855587e-02       1.175678384119e+04 
       5.642644734714e-02       1.164685546404e+04 
       5.726870898887e-02       1.153181131518e+04 
       5.818555147264e-02       1.141113092736e+04 
       5.918916997426e-02       1.128229811928e+04 
       6.029407480542e-02       1.114412896433e+04 
       6.151733041696e-02       1.099343541842e+04 
       6.287856237209e-02       1.082799204087e+04 
       6.439946448560e-02       1.064264040386e+04 
       6.610240919059e-02       1.043107930773e+04 
       6.800772773188e-02       1.018786197948e+04 
       7.012952383287e-02       9.904358433635e+03 
       7.247078431201e-02       9.575362890823e+03 
       7.501985331582e-02       9.197604335128e+03 
       7.775080839222e-02       8.773937331256e+03 
       8.062850698314e-02       8.314051197687e+03 
       8.361597267885e-02       7.833781334804e+03 
       8.668050941807e-02       7.351691342734e+03 
       8.979660347548e-02       6.885914152672e+03 
       9.294602127920e-02       6.452355050396e+03 
       9.611648556883e-02       6.062669933311e+03 
       9.930004579766e-02       5.723206054390e+03 
       1.024916797156e-01       5.435788969456e+03 
       1.056882637465e-01       5.197994945539e+03 
       1.088878736852e-01       5.004213612140e+03 
       1.120893310245e-01       4.846334581702e+03 
       1.152919164427e-01       4.715137225660e+03 
       1.184951917307e-01       4.600723545304e+03 
       1.216988901759e-01       4.493548239423e+03 
       1.249028494726e-01       4.385553673740e+03 
       1.281069708043e-01       4.269969581528e+03 
       1.313111939398e-01       4.143188862998e+03 
       1.345154820934e-01       4.003505115077e+03 
       1.377198127293e-01       3.852036244330e+03 
       1.409241719759e-01       3.691384405500e+03 
       1.441285512358e-01       3.525972280854e+03 
       1.473329451257e-01       3.360602601828e+03 
       1.505373502263e-01       3.200503727339e+03 
       1.537417643217e-01       3.049847868585e+03 
       1.569461859374e-01       2.912036202102e+03 
       1.601506140584e-01       2.789328290979e+03 
       1.633550479581e-01       2.682594100973e+03 
       1.665594870927e-01       2.591402400840e+03 
       1.697639310368e-01       2.514564323666e+03 
       1.729683794441e-01       2.449871611193e+03 
       1.761728320222e-01       2.394610406828e+03 
       1.793772885172e-01       2.345812274690e+03 
       1.825817487038e-01       2.300638689716e+03 
       1.857862123788e-01       2.256576913921e+03 
       1.889906793570e-01       2.211012172792e+03 
       1.921951494678e-01       2.162243300106e+03 
       1.953996225537e-01       2.109123140619e+03 
       1.986040984678e-01       2.051604435434e+03 
       2.018085770737e-01       1.990236322403e+03 
       2.050130582435e-01       1.926262020605e+03 
       2.082175418577e-01       1.861229155791e+03 
       2.114220278040e-01       1.796739249395e+03 
       2.146265159772e-01       1.734248194804e+03 
       2.178310062782e-01       1.675089512727e+03 
       2.210354986137e-01       1.620014372910e+03 
       2.242399928958e-01       1.569872929542e+03 
       2.274444890418e-01       1.524673563046e+03 
       2.306489869732e-01       1.484546578269e+03 
       2.338534866164e-01       1.449039651159e+03 
       2.370579879012e-01       1.417601891102e+03 
       2.402624907618e-01       1.389414002568e+03 
       2.434669951353e-01       1.363486936498e+03 
       2.466715009625e-01       1.338862028991e+03 
       2.498760081871e-01       1.314693664346e+03 
       2.530805167556e-01       1.290249895714e+03 
       2.562850266174e-01       1.265039846668e+03 
       2.594895377242e-01       1.238821212827e+03 
       2.626940500302e-01       1.211478184882e+03 
       2.658985634918e-01       1.183139072565e+03 
       2.691030780675e-01       1.154121248407e+03 
       2.723075937177e-01       1.124652971325e+03 
       2.755121104046e-01       1.095372987672e+03 
       2.787166280924e-01       1.066702524809e+03 
       2.819211467466e-01       1.039095078805e+03 
       2.851256663346e-01       1.012925910816e+03 
       2.883301868250e-01       9.884230048431e+02 
       2.915347081879e-01       9.657656772407e+02 
       2.947392303947e-01       9.448762433962e+02 
       2.979437534181e-01       9.256589797079e+02 
       3.011482772317e-01       9.079109576964e+02 
       3.043528018106e-01       8.913060706496e+02 
       3.075573271306e-01       8.756142346917e+02 
       3.107618531688e-01       8.605968132550e+02 
       3.139663799030e-01       8.459302160335e+02 
       3.171709073120e-01       8.313894372639e+02 
       3.203754353755e-01       8.168251265989e+02 
       3.235799640740e-01       8.020799856284e+02 
       3.267844933886e-01       7.871440590520e+02 
       3.299890233013e-01       7.719412420248e+02 
       3.331935537948e-01       7.566741664464e+02 
       3.363980848525e-01       7.413491981680e+02 
       3.396026164582e-01       7.262022979905e+02 
       3.428071485965e-01       7.113341827182e+02 
       3.460116812526e-01       6.968678781965e+02 
       3.492162144122e-01       6.829102002898e+02 
       3.524207480614e-01       6.695206876387e+02 
       3.556252821869e-01       6.567812906106e+02 
       3.588298167760e-01       6.446689826588e+02 
       3.620343518162e-01       6.331965326202e+02 
       3.652388872957e-01       6.223390876738e+02 
       3.684434232029e-01       6.119954425094e+02 
       3.716479595268e-01       6.020647385561e+02 
       3.748524962565e-01       5.924591894912e+02 
       3.780570333817e-01       5.830496029634e+02 
       3.812615708925e-01       5.738153079788e+02 
       3.844661087791e-01       5.647052728023e+02 
       3.876706470321e-01       5.556287457548e+02 
       3.908751856426e-01       5.466169024139e+02 
       3.940797246018e-01       5.376123457106e+02 
       3.972842639011e-01       5.287029556543e+02 
       4.004888035325e-01       5.198273288229e+02 
       4.036933434879e-01       5.110766965880e+02 
       4.068978837596e-01       5.024204099405e+02 
       4.101024243403e-01       4.939678728278e+02 
       4.133069652228e-01       4.857489214946e+02 
       4.165115063999e-01       4.777529172316e+02 
       4.197160478650e-01       4.700121213313e+02 
       4.229205896115e-01       4.625144004371e+02 
       4.261251316329e-01       4.552742664505e+02 
       4.293296739232e-01       4.482693211628e+02 
       4.325342164764e-01       4.414942873492e+02 
       4.357387592865e-01       4.349203203387e+02 
       4.389433023480e-01       4.285303133091e+02 
       4.421478456553e-01       4.222933772977e+02 
       4.453523892033e-01       4.162257703304e+02 
       4.485569329865e-01       4.102573792203e+02 
       4.517614770002e-01       4.043584196111e+02 
       4.549660212393e-01       3.985482409632e+02 
       4.581705656991e-01       3.928032718929e+02 
       4.613751103750e-01       3.871241160158e+02 
       4.645796552625e-01       3.815152085935e+02 
       4.677842003573e-01       3.759828439598e+02 
       4.709887456550e-01       3.705328830882e+02 
       4.741932911517e-01       3.651699125850e+02 
       4.773978368432e-01       3.599153760467e+02 
       4.806023827257e-01       3.547508479641e+02 
       4.838069287952e-01       3.496983322897e+02 
       4.870114750483e-01       3.447714146411e+02 
       4.902160214811e-01       3.399734524982e+02 
       4.934205680903e-01       3.353026173394e+02 
       4.966251148723e-01       3.307545481047e+02 
       4.998296618239e-01       3.263186738035e+02 
       5.030342089418e-01       3.219801089579e+02 
       5.062387562228e-01       3.177338062737e+02 
       5.094433036639e-01       3.135716066352e+02 
       5.126478512620e-01       3.094810387250e+02 
       5.158523990142e-01       3.054607673318e+02 
       5.190569469176e-01       3.015048405874e+02 
       5.222614949694e-01       2.976081650157e+02 
       5.254660431670e-01       2.937645119761e+02 
       5.286705915077e-01       2.899710330474e+02 
       5.318751399888e-01       2.862285657654e+02 
       5.350796886078e-01       2.825404496807e+02 
       5.382842373623e-01       2.789124897061e+02 
       5.414887862499e-01       2.753501539379e+02 
       5.446933352681e-01       2.718536059309e+02 
       5.478978844148e-01       2.684236230357e+02 
       5.511024336876e-01       2.650605068009e+02 
       5.543069830843e-01       2.617597905347e+02 
       5.575115326029e-01       2.585208892351e+02 
       5.607160822412e-01       2.553444564259e+02 
       5.639206319971e-01       2.522292344112e+02 
       5.909776186599e-01       2.280270532608e+02 
       6.215439962925e-01       2.042682016909e+02 
       6.568653252759e-01       1.810045209608e+02 
       6.989657310755e-01       1.578033431428e+02 
       7.513823558743e-01       1.343728741016e+02 
       8.208484603559e-01       1.101949397410e+02 
       9.212622391514e-01       8.482063636835e+01 
       1.080751504604e+00       5.876791476523e+01 
       1.333201106246e+00       3.598341186838e+01 
       1.676127959268e+00       2.087646599866e+01 
       2.110080657791e+00       1.196525944293e+01 
       2.656434028996e+00       6.801495709643e+00 
       3.344252303797e+00       3.837823643766e+00 
       4.210164208701e+00       2.150758038678e+00 
       5.300282710160e+00       1.198033416953e+00 
