# Matter power spectrum P(k) at redshift z=50
# for k=1.04206e-05 to 5.30492 h/Mpc,
# number of wavenumbers equal to 556
#    1:k (h/Mpc)              2:P (Mpc/h)^3        
       1.042057218184e-05       2.850984553202e-02 
       2.326965112415e-05       6.195075851754e-02 
       3.616368416872e-05       9.484755995956e-02 
       4.913719191725e-05       1.275382133161e-01 
       6.222526306445e-05       1.602176541166e-01 
       7.546386573355e-05       1.930335909427e-01 
       8.889016871877e-05       2.261134053711e-01 
       1.025428768881e-04       2.595752193395e-01 
       1.164625850318e-04       2.935335994529e-01 
       1.306921544768e-04       3.281030409385e-01 
       1.452771167917e-04       3.634004174418e-01 
       1.602661088538e-04       3.995469161251e-01 
       1.757113433749e-04       4.366697087360e-01 
       1.916691186261e-04       4.749034999600e-01 
       2.082003704664e-04       5.143920329245e-01 
       2.253712687320e-04       5.552895875006e-01 
       2.432538584340e-04       5.977625145893e-01 
       2.619267438085e-04       6.419907902773e-01 
       2.814758098240e-04       6.881696084884e-01 
       3.019949709311e-04       7.365109726533e-01 
       3.235869302956e-04       7.872452580405e-01 
       3.463639240694e-04       8.406226788909e-01 
       3.704484140748e-04       8.969145698820e-01 
       3.959736783305e-04       9.564143640959e-01 
       4.230842321522e-04       1.019438108924e+00 
       4.519359935960e-04       1.086324305584e+00 
       4.826960870561e-04       1.157432841522e+00 
       5.155421603026e-04       1.233142719120e+00 
       5.506610770747e-04       1.313848274749e+00 
       5.882468451593e-04       1.399953588746e+00 
       6.284976558419e-04       1.491864814358e+00 
       6.716119524841e-04       1.589980297208e+00 
       7.177835202354e-04       1.694678505499e+00 
       7.671956976641e-04       1.806304077838e+00 
       8.200149485639e-04       1.925152601658e+00 
       8.763841814321e-04       2.051455107439e+00 
       9.364163367091e-04       2.185363492589e+00 
       1.000188842050e-03       2.326938343090e+00 
       1.067739530131e-03       2.476140487080e+00 
       1.139064503232e-03       2.632827355520e+00 
       1.214118221415e-03       2.796754747844e+00 
       1.292815822631e-03       2.967583870998e+00 
       1.375037409658e-03       3.144880821242e+00 
       1.460633819102e-03       3.328154147017e+00 
       1.549433263643e-03       3.516874444622e+00 
       1.641248223755e-03       3.710466748286e+00 
       1.735882043984e-03       3.908338667820e+00 
       1.833134827612e-03       4.109894886442e+00 
       1.932808383248e-03       4.314549474175e+00 
       2.034710125310e-03       4.521735448604e+00 
       2.138655947702e-03       4.730911731694e+00 
       2.244472168970e-03       4.941568357840e+00 
       2.351996690194e-03       5.153229109424e+00 
       2.461079521215e-03       5.365453125917e+00 
       2.571582825405e-03       5.577835170453e+00 
       2.683380616443e-03       5.790004740896e+00 
       2.796358218551e-03       6.001625549152e+00 
       2.910411578940e-03       6.212392851574e+00 
       3.025446500155e-03       6.422032938020e+00 
       3.141377841964e-03       6.630299839485e+00 
       3.258128727682e-03       6.836974863533e+00 
       3.375629778325e-03       7.041863081276e+00 
       3.493818389235e-03       7.244792939291e+00 
       3.612638057434e-03       7.445612925327e+00 
       3.732037763424e-03       7.644191982678e+00 
       3.851971407996e-03       7.840414645631e+00 
       3.972397302585e-03       8.034184045872e+00 
       4.093277710397e-03       8.225415295876e+00 
       4.214578434808e-03       8.414039458431e+00 
       4.336268451195e-03       8.599997071027e+00 
       4.458319578280e-03       8.783242916905e+00 
       4.580706185135e-03       8.963738188650e+00 
       4.703404930208e-03       9.141454502034e+00 
       4.826394528974e-03       9.316373324516e+00 
       4.949655547086e-03       9.488479392902e+00 
       5.073170216191e-03       9.657767276856e+00 
       5.196922269879e-03       9.824235182744e+00 
       5.320896797456e-03       9.987886322465e+00 
       5.445080113527e-03       1.014872995853e+01 
       5.569459641572e-03       1.030677542424e+01 
       5.694023809915e-03       1.046204144614e+01 
       5.818761958675e-03       1.061454263447e+01 
       5.943664256446e-03       1.076430261752e+01 
       6.068721625606e-03       1.091133596170e+01 
       6.193925675282e-03       1.105567470048e+01 
       6.319268641115e-03       1.119733579580e+01 
       6.444743331067e-03       1.133635147679e+01 
       6.570343076612e-03       1.147274325625e+01 
       6.696061688712e-03       1.160653906434e+01 
       6.821893418064e-03       1.173776644286e+01 
       6.947832919166e-03       1.186645311165e+01 
       7.073875217785e-03       1.199262367860e+01 
       7.200015681476e-03       1.211630514566e+01 
       7.326249992837e-03       1.223752698928e+01 
       7.452574125202e-03       1.235631541355e+01 
       7.578984320550e-03       1.247269234741e+01 
       7.705477069379e-03       1.258669333958e+01 
       7.832049092365e-03       1.269833526502e+01 
       7.958697323625e-03       1.280764534718e+01 
       8.085418895432e-03       1.291464916628e+01 
       8.212211124224e-03       1.301937430484e+01 
       8.339071497814e-03       1.312184124696e+01 
       8.465997663657e-03       1.322207189778e+01 
       8.592987418093e-03       1.332010041227e+01 
       8.720038696471e-03       1.341594330419e+01 
       8.847149564069e-03       1.350962136378e+01 
       8.974318207751e-03       1.360115798403e+01 
       9.101542928276e-03       1.369058194783e+01 
       9.228822133218e-03       1.377791251260e+01 
       9.356154330437e-03       1.386317366065e+01 
       9.483538122048e-03       1.394638805918e+01 
       9.610972198861e-03       1.402757399112e+01 
       9.738455335230e-03       1.410675788887e+01 
       9.865986384300e-03       1.418395879464e+01 
       9.993564273599e-03       1.425920405642e+01 
       1.012118800096e-02       1.433250960520e+01 
       1.024885663075e-02       1.440390037592e+01 
       1.037656929035e-02       1.447339969261e+01 
       1.050432516691e-02       1.454102153244e+01 
       1.063212350435e-02       1.460679945985e+01 
       1.075996360053e-02       1.467074932626e+01 
       1.088784480465e-02       1.473288794000e+01 
       1.101576651488e-02       1.479324049409e+01 
       1.114372817602e-02       1.485182745904e+01 
       1.127172927752e-02       1.490867575813e+01 
       1.139976935144e-02       1.496379633472e+01 
       1.152784797069e-02       1.501721536938e+01 
       1.165596474734e-02       1.506895371501e+01 
       1.178411933107e-02       1.511902798659e+01 
       1.191231140769e-02       1.516746191418e+01 
       1.204054069778e-02       1.521426696661e+01 
       1.216880695546e-02       1.525947451407e+01 
       1.229710996722e-02       1.530309846432e+01 
       1.242544955078e-02       1.534515475349e+01 
       1.255382555417e-02       1.538566909109e+01 
       1.268223785470e-02       1.542465705044e+01 
       1.281068635814e-02       1.546213422861e+01 
       1.293917099791e-02       1.549812480989e+01 
       1.306769173434e-02       1.553264055292e+01 
       1.319624855393e-02       1.556570092393e+01 
       1.332484146880e-02       1.559732385901e+01 
       1.345347051603e-02       1.562753051488e+01 
       1.358213575713e-02       1.565633343561e+01 
       1.371083727760e-02       1.568375783668e+01 
       1.383957518639e-02       1.570980717004e+01 
       1.396834961557e-02       1.573450767169e+01 
       1.409716071990e-02       1.575787732870e+01 
       1.422600867652e-02       1.577992486792e+01 
       1.435489368463e-02       1.580067220816e+01 
       1.448381596521e-02       1.582013460524e+01 
       1.461277576080e-02       1.583833047179e+01 
       1.474177333527e-02       1.585527384618e+01 
       1.487080897367e-02       1.587097644109e+01 
       1.499988298201e-02       1.588545164584e+01 
       1.512899568719e-02       1.589872821801e+01 
       1.525814743687e-02       1.591081329311e+01 
       1.538733859939e-02       1.592171930242e+01 
       1.551656956372e-02       1.593146829353e+01 
       1.564584073940e-02       1.594007390905e+01 
       1.577515255657e-02       1.594754762862e+01 
       1.590450546593e-02       1.595390787481e+01 
       1.603389993880e-02       1.595916779394e+01 
       1.616333646718e-02       1.596334218169e+01 
       1.629281556376e-02       1.596644472065e+01 
       1.642233776207e-02       1.596849483439e+01 
       1.655190361655e-02       1.596949561581e+01 
       1.668151370268e-02       1.596948243047e+01 
       1.681116861713e-02       1.596844489792e+01 
       1.694086897792e-02       1.596641680474e+01 
       1.707061542457e-02       1.596339964754e+01 
       1.720040861833e-02       1.595940664125e+01 
       1.733024924236e-02       1.595445769458e+01 
       1.746013800200e-02       1.594857703146e+01 
       1.759007562495e-02       1.594175635382e+01 
       1.772006286159e-02       1.593402211997e+01 
       1.785010048523e-02       1.592538407681e+01 
       1.798018929242e-02       1.591585736593e+01 
       1.811033010322e-02       1.590545409555e+01 
       1.824052376159e-02       1.589418098209e+01 
       1.837077113569e-02       1.588206157849e+01 
       1.850107311825e-02       1.586910642469e+01 
       1.863143062694e-02       1.585532245984e+01 
       1.876184460481e-02       1.584073728838e+01 
       1.889231602063e-02       1.582533963261e+01 
       1.902284586938e-02       1.580914922970e+01 
       1.915343517266e-02       1.579220139878e+01 
       1.928408497917e-02       1.577448563504e+01 
       1.941479636520e-02       1.575600377564e+01 
       1.954557043510e-02       1.573679506782e+01 
       1.967640832185e-02       1.571686239329e+01 
       1.980731118754e-02       1.569619913705e+01 
       1.993828022397e-02       1.567485209768e+01 
       2.006931665321e-02       1.565279772084e+01 
       2.020042172819e-02       1.563007689780e+01 
       2.033159673334e-02       1.560666878405e+01 
       2.046284298520e-02       1.558262403385e+01 
       2.059416183310e-02       1.555791777988e+01 
       2.072555465984e-02       1.553259000757e+01 
       2.085702288238e-02       1.550662799481e+01 
       2.098856795258e-02       1.548004872549e+01 
       2.112019135793e-02       1.545288581962e+01 
       2.125189462236e-02       1.542512077420e+01 
       2.138367930699e-02       1.539676825733e+01 
       2.151554701099e-02       1.536784051790e+01 
       2.164749937244e-02       1.533838682326e+01 
       2.177953806914e-02       1.530835988226e+01 
       2.191166481961e-02       1.527779212799e+01 
       2.204388138394e-02       1.524669902588e+01 
       2.217618956478e-02       1.521510656431e+01 
       2.230859120836e-02       1.518297808371e+01 
       2.244108820548e-02       1.515036167435e+01 
       2.257368249257e-02       1.511727565274e+01 
       2.270637605277e-02       1.508370808367e+01 
       2.283917091708e-02       1.504965019980e+01 
       2.297206916549e-02       1.501515685424e+01 
       2.310507292820e-02       1.498019624913e+01 
       2.323818438680e-02       1.494482662526e+01 
       2.337140577562e-02       1.490897616147e+01 
       2.350473938296e-02       1.487275587191e+01 
       2.363818755247e-02       1.483610957780e+01 
       2.377175268458e-02       1.479905717929e+01 
       2.390543723787e-02       1.476160388688e+01 
       2.403924373063e-02       1.472379147404e+01 
       2.417317474233e-02       1.468558252658e+01 
       2.430723291522e-02       1.464699242758e+01 
       2.444142095598e-02       1.460807792667e+01 
       2.457574163740e-02       1.456879078245e+01 
       2.471019780008e-02       1.452918065505e+01 
       2.484479235430e-02       1.448919913912e+01 
       2.497952828182e-02       1.444894652058e+01 
       2.511440863780e-02       1.440834377550e+01 
       2.524943655283e-02       1.436743954495e+01 
       2.538461523491e-02       1.432623948701e+01 
       2.551994797163e-02       1.428473150898e+01 
       2.565543813231e-02       1.424293155864e+01 
       2.579108917030e-02       1.420092696751e+01 
       2.592690462528e-02       1.415856905872e+01 
       2.606288812571e-02       1.411598663683e+01 
       2.619904339133e-02       1.407313164234e+01 
       2.633537423576e-02       1.403005557086e+01 
       2.647188456914e-02       1.398672259879e+01 
       2.660857840094e-02       1.394314947139e+01 
       2.674545984285e-02       1.389932663734e+01 
       2.688253311172e-02       1.385533176726e+01 
       2.701980253265e-02       1.381112010836e+01 
       2.715727254222e-02       1.376666116659e+01 
       2.729494769174e-02       1.372204737574e+01 
       2.743283265076e-02       1.367721975812e+01 
       2.757093221056e-02       1.363222887942e+01 
       2.770925128788e-02       1.358704558315e+01 
       2.784779492874e-02       1.354169211832e+01 
       2.798656831242e-02       1.349613299242e+01 
       2.812557675556e-02       1.345047599358e+01 
       2.826482571649e-02       1.340464714157e+01 
       2.840432079965e-02       1.335865103786e+01 
       2.854406776019e-02       1.331251902872e+01 
       2.868407250883e-02       1.326621667884e+01 
       2.882434111679e-02       1.321983126926e+01 
       2.896487982102e-02       1.317330691109e+01 
       2.910569502960e-02       1.312664999547e+01 
       2.924679332731e-02       1.307988243426e+01 
       2.938818148154e-02       1.303302748490e+01 
       2.952986644832e-02       1.298604950949e+01 
       2.967185537870e-02       1.293899263996e+01 
       2.981415562530e-02       1.289175180011e+01 
       2.995677474926e-02       1.284452162261e+01 
       3.009972052734e-02       1.279716740393e+01 
       3.024300095943e-02       1.274970392728e+01 
       3.038662427637e-02       1.270220466279e+01 
       3.053059894805e-02       1.265463469897e+01 
       3.067493369194e-02       1.260700686226e+01 
       3.081963748193e-02       1.255927720785e+01 
       3.096471955766e-02       1.251148352567e+01 
       3.111018943415e-02       1.246367825242e+01 
       3.125605691194e-02       1.241580840345e+01 
       3.140233208775e-02       1.236786252341e+01 
       3.154902536547e-02       1.231989289473e+01 
       3.169614746783e-02       1.227191144186e+01 
       3.184370944855e-02       1.222383942969e+01 
       3.199172270507e-02       1.217576135465e+01 
       3.214019899187e-02       1.212764840518e+01 
       3.228915043450e-02       1.207949935914e+01 
       3.243858954427e-02       1.203137428599e+01 
       3.258852923362e-02       1.198320692166e+01 
       3.273898283235e-02       1.193502394624e+01 
       3.288996410460e-02       1.188683215158e+01 
       3.304148726669e-02       1.183856644849e+01 
       3.319356700599e-02       1.179033638928e+01 
       3.334621850063e-02       1.174213564378e+01 
       3.349945744031e-02       1.169386938561e+01 
       3.365330004827e-02       1.164567185952e+01 
       3.380776310435e-02       1.159754752917e+01 
       3.396286396938e-02       1.154932633838e+01 
       3.411862061083e-02       1.150114587655e+01 
       3.427505162998e-02       1.145294047935e+01 
       3.443217629055e-02       1.140476856356e+01 
       3.459001454898e-02       1.135661260276e+01 
       3.474858708643e-02       1.130841697257e+01 
       3.490791534268e-02       1.126024259945e+01 
       3.506802155196e-02       1.121208344440e+01 
       3.522892878099e-02       1.116397535897e+01 
       3.539066096924e-02       1.111583387180e+01 
       3.555324297165e-02       1.106776398261e+01 
       3.571670060404e-02       1.101969089172e+01 
       3.588106069126e-02       1.097163670204e+01 
       3.604635111847e-02       1.092360136572e+01 
       3.621260088561e-02       1.087562569213e+01 
       3.637984016546e-02       1.082759753094e+01 
       3.654810036549e-02       1.077964178203e+01 
       3.671741419379e-02       1.073168560113e+01 
       3.688781572942e-02       1.068378530905e+01 
       3.705934049765e-02       1.063590497413e+01 
       3.723202555023e-02       1.058801510390e+01 
       3.740590955142e-02       1.054014850110e+01 
       3.758103287006e-02       1.049234413701e+01 
       3.775743767824e-02       1.044456051165e+01 
       3.793516805718e-02       1.039675086035e+01 
       3.811427011096e-02       1.034897945799e+01 
       3.829479208872e-02       1.030120975181e+01 
       3.847678451622e-02       1.025350996649e+01 
       3.866030033749e-02       1.020576251188e+01 
       3.884539506765e-02       1.015806112904e+01 
       3.903212695780e-02       1.011035607555e+01 
       3.922055717329e-02       1.006268444411e+01 
       3.941074998658e-02       1.001499245450e+01 
       3.960277298617e-02       9.967321729182e+00 
       3.979669730323e-02       9.919639352596e+00 
       3.999259785769e-02       9.871972311779e+00 
       4.019055362587e-02       9.824302762984e+00 
       4.039064793189e-02       9.776611173305e+00 
       4.059296876547e-02       9.728912910093e+00 
       4.079760912889e-02       9.681209450717e+00 
       4.100466741648e-02       9.633484140793e+00 
       4.121424783023e-02       9.585721506544e+00 
       4.142646083574e-02       9.537931219328e+00 
       4.164142366316e-02       9.490126273583e+00 
       4.185926085861e-02       9.442274863158e+00 
       4.208010489205e-02       9.394375778117e+00 
       4.230409682879e-02       9.346426333694e+00 
       4.253138707251e-02       9.298384635799e+00 
       4.276213618907e-02       9.250318297577e+00 
       4.299651582176e-02       9.202187590409e+00 
       4.323470971014e-02       9.153933531184e+00 
       4.347691482675e-02       9.105596119289e+00 
       4.372334264809e-02       9.057192252248e+00 
       4.397422057899e-02       9.008631216773e+00 
       4.422979355281e-02       8.959972935764e+00 
       4.449032583360e-02       8.911157003186e+00 
       4.475610305095e-02       8.862222799999e+00 
       4.502743450392e-02       8.813122278466e+00 
       4.530465577670e-02       8.763850109508e+00 
       4.558813171716e-02       8.714374828059e+00 
       4.587825983858e-02       8.664692698046e+00 
       4.617547421737e-02       8.614783119010e+00 
       4.648024997343e-02       8.564613184669e+00 
       4.679310843808e-02       8.514198326031e+00 
       4.711462313633e-02       8.463471999896e+00 
       4.744542673739e-02       8.412402896058e+00 
       4.778621916136e-02       8.361013824410e+00 
       4.813777707216e-02       8.309239142251e+00 
       4.850096504009e-02       8.257022157458e+00 
       4.887674872396e-02       8.204341445755e+00 
       4.926621050739e-02       8.151176458893e+00 
       4.967056813086e-02       8.097433804782e+00 
       5.009119699740e-02       8.043094772909e+00 
       5.052965700323e-02       7.988055396580e+00 
       5.098772496582e-02       7.932259393190e+00 
       5.146743400368e-02       7.875608598895e+00 
       5.197112157935e-02       7.818017270087e+00 
       5.250148836656e-02       7.759324810211e+00 
       5.306167065974e-02       7.699461486501e+00 
       5.365532971666e-02       7.638195294298e+00 
       5.428676219783e-02       7.575294885858e+00 
       5.496103667412e-02       7.510576426967e+00 
       5.568416183560e-02       7.443631505788e+00 
       5.646329214182e-02       7.374124921735e+00 
       5.730697534224e-02       7.301465694367e+00 
       5.822544184811e-02       7.224974996726e+00 
       5.923092511134e-02       7.143755416809e+00 
       6.033797923528e-02       7.056584414312e+00 
       6.156371593776e-02       6.961852832352e+00 
       6.292780625486e-02       6.857415170895e+00 
       6.445197707174e-02       6.740376151070e+00 
       6.615860368697e-02       6.607127221231e+00 
       6.806796606510e-02       6.453270794776e+00 
       7.019404110131e-02       6.274163836339e+00 
       7.253961323704e-02       6.065779415208e+00 
       7.509278884846e-02       5.826245393689e+00 
       7.782744545750e-02       5.557353952593e+00 
       8.070834073462e-02       5.265235948217e+00 
       8.369850861787e-02       4.959771052912e+00 
       8.676533509153e-02       4.652851325682e+00 
       8.988341099316e-02       4.356330235021e+00 
       9.303459742784e-02       4.080346122617e+00 
       9.620668979996e-02       3.832282616628e+00 
       9.939178833790e-02       3.616335865487e+00 
       1.025849043454e-01       3.433675251979e+00 
       1.057829356857e-01       3.282815735268e+00 
       1.089839715757e-01       3.160158724172e+00 
       1.121868418082e-01       3.060635948423e+00 
       1.153908321555e-01       2.978226732986e+00 
       1.185955075215e-01       2.906625837482e+00 
       1.218006030900e-01       2.839747252294e+00 
       1.250059577098e-01       2.772263041173e+00 
       1.282114732662e-01       2.700044020943e+00 
       1.314170899543e-01       2.620471856227e+00 
       1.346227712481e-01       2.532553900072e+00 
       1.378284947693e-01       2.436843217949e+00 
       1.410342467426e-01       2.335179433034e+00 
       1.442400186290e-01       2.230289370034e+00 
       1.474458050812e-01       2.125346241953e+00 
       1.506516027019e-01       2.023523254373e+00 
       1.538574092887e-01       1.927630804607e+00 
       1.570632233756e-01       1.839901781086e+00 
       1.602690439531e-01       1.761766877237e+00 
       1.634748702978e-01       1.693814329140e+00 
       1.666807018681e-01       1.635900552447e+00 
       1.698865382403e-01       1.587184289784e+00 
       1.730923790691e-01       1.546300826956e+00 
       1.762982240628e-01       1.511516943336e+00 
       1.795040729681e-01       1.480926214642e+00 
       1.827099255602e-01       1.452723676645e+00 
       1.859157816363e-01       1.425316215122e+00 
       1.891216410114e-01       1.396903775030e+00 
       1.923275035154e-01       1.366370052971e+00 
       1.955333689907e-01       1.333071144140e+00 
       1.987392372909e-01       1.296899971638e+00 
       2.019451082797e-01       1.258223559992e+00 
       2.051509818295e-01       1.217789136221e+00 
       2.083568578208e-01       1.176582221009e+00 
       2.115627361416e-01       1.135630383834e+00 
       2.147686166867e-01       1.095910999728e+00 
       2.179744993572e-01       1.058227365498e+00 
       2.211803840600e-01       1.023206005843e+00 
       2.243862707073e-01       9.912412815899e-01 
       2.275921592163e-01       9.625185233323e-01 
       2.307980495089e-01       9.370370677684e-01 
       2.340039415114e-01       9.145394394557e-01 
       2.372098351538e-01       8.946785263075e-01 
       2.404157303703e-01       8.769208188451e-01 
       2.436216270981e-01       8.606447365540e-01 
       2.468275252781e-01       8.452357017007e-01 
       2.500334248541e-01       8.301317840740e-01 
       2.532393257727e-01       8.148551575209e-01 
       2.564452279831e-01       7.990811178228e-01 
       2.596511314374e-01       7.826294518413e-01 
       2.628570360896e-01       7.654445516929e-01 
       2.660629418963e-01       7.475910502454e-01 
       2.692688488160e-01       7.292329195684e-01 
       2.724747568091e-01       7.106127553987e-01 
       2.756806658379e-01       6.920427615335e-01 
       2.788865758666e-01       6.738301564183e-01 
       2.820924868609e-01       6.562794119444e-01 
       2.852983987880e-01       6.396403612019e-01 
       2.885043116167e-01       6.240818029966e-01 
       2.917102253170e-01       6.096760054651e-01 
       2.949161398605e-01       5.964253343114e-01 
       2.981220552197e-01       5.842489854073e-01 
       3.013279713685e-01       5.730047557498e-01 
       3.045338882818e-01       5.625374238894e-01 
       3.077398059356e-01       5.526701489077e-01 
       3.109457243069e-01       5.432264026440e-01 
       3.141516433736e-01       5.340292442812e-01 
       3.173575631145e-01       5.249265902509e-01 
       3.205634835093e-01       5.157875245101e-01 
       3.237694045384e-01       5.065293679475e-01 
       3.269753261832e-01       4.971134556863e-01 
       3.301812484256e-01       4.875530034336e-01 
       3.333871712482e-01       4.779017254802e-01 
       3.365930946345e-01       4.682382025991e-01 
       3.397990185684e-01       4.586523226214e-01 
       3.430049430344e-01       4.492305775303e-01 
       3.462108680178e-01       4.400540937037e-01 
       3.494167935041e-01       4.311906618660e-01 
       3.526227194797e-01       4.226930060980e-01 
       3.558286459312e-01       4.145997094318e-01 
       3.590345728459e-01       4.069272489269e-01 
       3.622405002114e-01       3.996722908173e-01 
       3.654464280157e-01       3.928016646409e-01 
       3.686523562474e-01       3.862688895649e-01 
       3.718582848954e-01       3.800080345371e-01 
       3.750642139489e-01       3.739543863695e-01 
       3.782701433976e-01       3.680483680585e-01 
       3.814760732315e-01       3.622401354982e-01 
       3.846820034410e-01       3.564954862898e-01 
       3.878879340166e-01       3.507908324392e-01 
       3.910938649493e-01       3.451125254344e-01 
       3.942997962305e-01       3.394554551869e-01 
       3.975057278515e-01       3.338221712470e-01 
       4.007116598043e-01       3.282249984639e-01 
       4.039175920809e-01       3.226831083993e-01 
       4.071235246736e-01       3.172232393166e-01 
       4.103294575750e-01       3.118738224779e-01 
       4.135353907778e-01       3.066585494703e-01 
       4.167413242752e-01       3.015960089120e-01 
       4.199472580603e-01       2.966936781781e-01 
       4.231531921265e-01       2.919536403722e-01 
       4.263591264675e-01       2.873717988484e-01 
       4.295650610771e-01       2.829417940066e-01 
       4.327709959494e-01       2.786562754955e-01 
       4.359769310785e-01       2.745057308624e-01 
       4.391828664587e-01       2.704773460782e-01 
       4.423888020846e-01       2.665560818521e-01 
       4.455947379509e-01       2.627236609888e-01 
       4.488006740524e-01       2.589617027238e-01 
       4.520066103840e-01       2.552548160842e-01 
       4.552125469409e-01       2.515927928076e-01 
       4.584184837184e-01       2.479708966603e-01 
       4.616244207118e-01       2.443892960272e-01 
       4.648303579167e-01       2.408504536682e-01 
       4.680362953287e-01       2.373578159994e-01 
       4.712422329435e-01       2.339146667628e-01 
       4.744481707570e-01       2.305247506697e-01 
       4.776541087653e-01       2.271929745543e-01 
       4.808600469643e-01       2.239257830140e-01 
       4.840659853504e-01       2.207309422544e-01 
       4.872719239197e-01       2.176148453229e-01 
       4.904778626688e-01       2.145811727188e-01 
       4.936838015940e-01       2.116297849357e-01 
       4.968897406920e-01       2.087566577253e-01 
       5.000956799594e-01       2.059550154687e-01 
       5.033016193930e-01       2.032175982346e-01 
       5.065075589896e-01       2.005377483671e-01 
       5.097134987461e-01       1.979105355393e-01 
       5.129194386596e-01       1.953318301063e-01 
       5.161253787270e-01       1.927976445871e-01 
       5.193313189456e-01       1.903041509198e-01 
       5.225372593125e-01       1.878464498546e-01 
       5.257431998250e-01       1.854212975204e-01 
       5.289491404804e-01       1.830270087380e-01 
       5.321550812763e-01       1.806642138496e-01 
       5.353610222099e-01       1.783357068468e-01 
       5.385669632789e-01       1.760449020249e-01 
       5.417729044809e-01       1.737942558196e-01 
       5.449788458135e-01       1.715856650977e-01 
       5.481847872744e-01       1.694191809585e-01 
       5.513907288614e-01       1.672934368800e-01 
       5.545966705722e-01       1.652073726794e-01 
       5.578026124048e-01       1.631608153289e-01 
       5.610085543570e-01       1.611542798360e-01 
       5.642144964267e-01       1.591872856479e-01 
       5.912890586294e-01       1.439119776233e-01 
       6.218764266666e-01       1.289084707074e-01 
       6.572237816308e-01       1.142207279414e-01 
       6.993581361202e-01       9.957175928168e-02 
       7.518222168467e-01       8.477943216769e-02 
       8.213610621629e-01       6.951449429669e-02 
       9.218987684958e-01       5.349608762996e-02 
       1.081607108914e+00       3.705278289415e-02 
       1.334354070666e+00       2.268087585900e-02 
       1.677592721628e+00       1.315759633264e-02 
       2.111925029177e+00       7.540456929631e-03 
       2.658755956604e+00       4.285944807412e-03 
       3.347175437468e+00       2.418078612862e-03 
       4.213844215962e+00       1.355085810160e-03 
       5.304915564817e+00       7.547598838788e-04 
