l	fo
4672	0.61996233513
4673	0.63153803193
4674	0.64721091615
4675	0.6669733722
4676	0.69082540008
4677	0.71864515035
4678	0.75107233257
4679	0.79422226551
4680	0.82760139648
4681	0.85622839929
4682	0.88107045387
4683	0.89632448064
4684	0.90028458744
4685	0.90582873696
4686	0.90954514488
4687	0.91066463661
4688	0.91484559552
4689	0.92364160197
4690	0.92375583582
4691	0.91262945883
4692	0.9075498603
4693	0.90591250845
4694	0.91073317692
4695	0.91027624152
4696	0.90792302421
4697	0.90407715126
4698	0.89866246677
4699	0.89185412931
4700	0.88295912019
4701	0.86856565509
4702	0.85947264063
4703	0.85345632453
4704	0.85187228181
4705	0.84839957277
4706	0.8442643074
4707	0.84215478897
4708	0.84146177028
4709	0.84278688294
4710	0.84293919474
4711	0.84248987493
4712	0.8431981248
4713	0.84462985572
4714	0.84593212161
4715	0.85234444839
4716	0.86679883821
4717	0.87256383984
4718	0.87414026697
4719	0.8709188724
4720	0.86771270901
4721	0.86166593055
4722	0.85664725674
4723	0.85354009602
4724	0.84683076123
4725	0.83739504522
4726	0.82230856143
4727	0.81320031579
4728	0.80463277704
4729	0.80209678557
4730	0.80456423673
4731	0.8147919741
4732	0.82078544343
4733	0.82632197736
4734	0.83156911887
4735	0.83648879001
4736	0.8417511627
4737	0.84415768914
4738	0.84395206821
4739	0.84373883169
4740	0.84290111679
4741	0.84146938587
4742	0.83929132713
4743	0.83473720431
4744	0.83338162929
4745	0.83379287115
4746	0.83641263411
4747	0.83836222515
4748	0.83982441843
4749	0.84385306554
4750	0.85645686699
4751	0.85922132616
4752	0.85465197216
4753	0.83551399449
4754	0.82904835858
4755	0.83129495763
4756	0.83108172111
4757	0.83026685298
4758	0.83095987167
4759	0.82457800725
4760	0.80802933018
4761	0.79809860082
4762	0.79151873106
4763	0.78875427189
4764	0.78773378283
4765	0.78925690083
4766	0.79291238403
4767	0.79879161951
4768	0.80927828694
4769	0.81251491269
4770	0.80965145085
4771	0.80987230296
4772	0.81096133233
4773	0.81423603603
4774	0.8121265176
4775	0.80625489771
4776	0.8001700413
4777	0.7929352308
4778	0.78488555217
4779	0.77375155959
4780	0.75171965772
4781	0.74980814463
4782	0.76931167062
4783	0.78317204442
4784	0.79531129488
4785	0.80376459978
4786	0.81607900881
4787	0.8343640404
4788	0.84634336347
4789	0.85415695881
4790	0.85551253383
4791	0.85996765398
4792	0.86423238438
4793	0.86922059583
4794	0.87474951417
4795	0.88299719814
4796	0.88398722484
4797	0.87605939565
4798	0.87444489057
4799	0.87570146292
4800	0.88243364448
4801	0.88123799685
4802	0.87528260547
4803	0.86921298024
4804	0.86187916707
4805	0.85276330584
4806	0.84504871317
4807	0.8380956795
4808	0.83022115944
4809	0.82186685721
4810	0.8111364909
4811	0.81211890201
4812	0.82238471733
4813	0.83165289036
4814	0.84740954607
4815	0.85711180773
4816	0.86270165079
4817	0.86377544898
4818	0.86183347353
4819	0.85352486484
4820	0.84718107837
4821	0.84127899612
4822	0.83449350543
4823	0.8324601429
4824	0.83575769337
4825	0.83731888932
4826	0.83861353962
4827	0.84069259569
4828	0.83860592403
4829	0.82814210337
4830	0.82763185884
4831	0.8328409224
4832	0.84621389844
4833	0.85463674098
4834	0.86699684355
4835	0.86900735931
4836	0.86427807792
4837	0.85008261816
4838	0.84362459784
4839	0.83349586314
4840	0.8377910559
4841	0.86059974795
4842	0.87790998402
4843	0.89283654042
4844	0.90480063231
4845	0.9159270093
4846	0.92393099439
4847	0.93346571307
4848	0.94376199075
4849	0.95633532984
4850	0.96516941424
4851	0.96650214249
4852	0.97653187452
4853	0.99217429638
4854	0.9929967801
4855	1.06843681464
4856	1.18727809659
4857	1.35704482887
4858	1.5761225064
4859	1.92787137732
4860	2.00591594364
4861	1.90760629233
4862	1.75776955908
4863	1.52682679233
4864	1.14801973014
4865	0.99410865624
4866	0.98654637537
4867	0.95021239548
4868	0.9301681626
4869	0.9307774098
4870	0.92297143005
4871	0.91806699009
4872	0.91362710112
4873	0.91259899647
4874	0.90885974178
4875	0.90325466754
4876	0.89067371286
4877	0.89048332311
4878	0.90813626073
4879	0.91237052877
4880	0.90849419346
4881	0.89245576092
4882	0.88084198617
4883	0.86620482219
4884	0.85532214408
4885	0.84684599241
4886	0.84186539655
4887	0.83549876331
4888	0.82577365488
4889	0.82360321173
4890	0.82656567624
4891	0.83620701318
4892	0.84475932075
4893	0.85944217827
4894	0.86554988145
4895	0.86664652641
4896	0.86203909446
4897	0.8557638483
4898	0.84434807889
4899	0.83468389518
4900	0.82496640234
4901	0.81340593672
4902	0.8127357648
4903	0.82166123628
4904	0.82782224859
4905	0.83986249638
4906	0.84369313815
4907	0.84140846115
4908	0.82718253903
4909	0.82351944024
4910	0.82508825178
4911	0.82801263834
4912	0.83297800302
4913	0.84448515951
4914	0.84367790697
4915	0.83447065866
4916	0.82281119037
4917	0.80747339211
4918	0.78354520833
4919	0.77378963754
4920	0.77310423444
4921	0.7740485676
4922	0.77832091359
4923	0.78564711117
4924	0.79739035095
4925	0.8173812747
4926	0.83158435005
4927	0.84346467045
4928	0.85528406613
4929	0.85331162832
4930	0.83536929828
4931	0.82597927581
4932	0.81856930674
4933	0.81345163026
4934	0.80832633819
4935	0.80280503544
4936	0.80145707601
4937	0.80205109203
4938	0.80714592174
4939	0.81633793887
4940	0.83223929079
4941	0.84452323746
4942	0.85811706561
4943	0.86781932727
4944	0.87458958678
4945	0.8736604848
4946	0.88555603638
4947	0.90616382292
4948	0.92821095597
4949	0.95322816912
4950	0.97724773998
4951	1.01916394734
4952	1.07062248897
4953	1.13805853842
4954	1.21997182446
4955	1.34340530718
4956	1.36145425548
4957	1.31023179714
4958	1.23968097138
4959	1.13711420526
4960	0.98205317727
4961	0.90652937124
4962	0.87605178006
4963	0.84339613014
4964	0.82602496935
4965	0.81166196661
4966	0.80193685818
4967	0.79733704182
4968	0.79603477593
4969	0.80039089341
4970	0.80530294896
4971	0.81161627307
4972	0.8217983169
4973	0.82585742637
4974	0.82625343705
4975	0.82474555023
4976	0.82099106436
4977	0.8144873505
4978	0.80750385447
4979	0.79737511977
4980	0.78999561306
4981	0.78407068404
4982	0.77659217466
4983	0.78247902573
4984	0.80243187153
4985	0.81815806488
4986	0.83402133885
4987	0.85092794865
4988	0.8637602178
4989	0.87036293433
4990	0.88404814956
4991	0.90136600122
4992	0.92187478509
4993	0.94852935009
4994	0.97902978804
4995	1.01770175406
4996	1.04400600192
4997	1.11029209728
4998	1.2091272243
4999	1.32352861728
5000	1.51835064066
5001	1.85271311961
5002	2.10600002742
5003	2.31623600496
5004	2.57779344351
5005	2.50089883128
5006	2.02116997041
5007	1.68489597837
5008	1.38325768965
5009	1.09221268662
5010	0.92089237398
5011	0.8792960214
5012	0.82687029984
5013	0.79496859333
5014	0.78957675561
5015	0.78019434873
5016	0.78027050463
5017	0.78000395898
5018	0.78180885381
5019	0.78643913253
5020	0.78937113468
5021	0.7936206339
5022	0.79442027085
5023	0.79303423347
5024	0.78842680152
5025	0.7881374091
5026	0.78866288481
5027	0.79256206689
5028	0.80277457308
5029	0.80927067135
5030	0.81355824852
5031	0.81561445782
5032	0.81554591751
5033	0.81412941777
5034	0.80903458806
5035	0.80068790142
5036	0.78724638507
5037	0.77650078758
5038	0.76250333316
5039	0.75565691775
5040	0.75381394497
5041	0.756989646
5042	0.7651383273
5043	0.7863096675
5044	0.79542552873
5045	0.79823568144
5046	0.79291238403
5047	0.78914266698
5048	0.77944802091
5049	0.77736896484
5050	0.7795317924
5051	0.78736823451
5052	0.79189951056
5053	0.79653740487
5054	0.80068028583
5055	0.80448046524
5056	0.80803694577
5057	0.8106033996
5058	0.81306323517
5059	0.81315462225
5060	0.81259868418
5061	0.80841010968
5062	0.80105344974
5063	0.7869950706
5064	0.78033904494
5065	0.77790205614
5066	0.77651601876
5067	0.77676733323
5068	0.77977549128
5069	0.78068936208
5070	0.7800648837
5071	0.78087213624
5072	0.78247141014
5073	0.78613450893
5074	0.78576134502
5075	0.78426107379
5076	0.77889969843
5077	0.77032454409
5078	0.75693633687
5079	0.74753108322
5080	0.73757750709
5081	0.73191150813
5082	0.72929174517
5083	0.72900996834
5084	0.73571168754
5085	0.75506290173
5086	0.7611020646
5087	0.74948828985
5088	0.75103425462
5089	0.761559
5090	0.79056678231
5091	0.80227194414
5092	0.80730584913
5093	0.80513540598
5094	0.79584438618
5095	0.77635609137
5096	0.75922101387
5097	0.73100525292
5098	0.71963517705
5099	0.719673255
5100	0.73581069021
5101	0.74712745695
5102	0.76692799095
5103	0.77528229318
5104	0.77654648112
5105	0.76819979448
5106	0.76281557235
5107	0.75133887822
5108	0.74913797271
5109	0.75251929467
5110	0.76366851843
5111	0.76998184254
5112	0.77555645442
5113	0.78162607965
5114	0.78787847904
5115	0.79519706103
5116	0.79735988859
5117	0.79821283467
5118	0.79219651857
5119	0.77495482281
5120	0.76255664229
5121	0.75266399088
5122	0.74504840088
5123	0.74060089632
5124	0.7397784126
5125	0.74055520278
5126	0.74328919959
5127	0.74999853438
5128	0.7522679802
5129	0.74989953171
5130	0.75125510673
5131	0.75465165987
5132	0.76113252696
5133	0.76592273307
5134	0.77332508655
5135	0.77487866691
5136	0.77249498724
5137	0.7647575478
5138	0.75892400586
5139	0.75148357443
5140	0.74573380398
5141	0.74087505756
5142	0.73580307462
5143	0.73708249374
5144	0.74670098391
5145	0.74977006668
5146	0.75024984885
5147	0.74729499993
5148	0.74722645962
5149	0.74645728503
5150	0.74947305867
5151	0.75670786917
5152	0.76349335986
5153	0.7705453962
5154	0.77873215545
5155	0.78464946888
5156	0.78930259437
5157	0.79272960987
5158	0.79492289979
5159	0.79837276206
5160	0.79244783304
5161	0.77739181161
5162	0.76254141111
5163	0.74593942491
5164	0.72578095818
5165	0.7106107029
5166	0.69542521644
5167	0.6870023739
5168	0.68377336374
5169	0.6863931267
5170	0.69137372256
5171	0.70126637397
5172	0.71164642314
5173	0.72361051503
5174	0.73921485894
5175	0.74555102982
5176	0.74733307788
5177	0.74439346014
5178	0.73427995662
5179	0.72367143975
5180	0.71169973227
5181	0.69435903384
5182	0.68656066968
5183	0.68089467072
5184	0.68599711602
5185	0.70045912143
5186	0.73386871476
5187	0.747850938
5188	0.74865819054
5189	0.75213851517
5190	0.75529136943
5191	0.75718765134
5192	0.76188647037
5193	0.76492509078
5194	0.77585346243
5195	0.7926306072
5196	0.82013811828
5197	0.83453919897
5198	0.84823964538
5199	0.84730292781
5200	0.83504182791
5201	0.80737438944
5202	0.78700268619
5203	0.76208447571
5204	0.74557387659
5205	0.73413526041
5206	0.72784478307
5207	0.72624550917
5208	0.73191912372
5209	0.73629047238
5210	0.74232963525
5211	0.74841449166
5212	0.75476589372
5213	0.76330297011
5214	0.76675283238
5215	0.76260995142
5216	0.76391221731
5217	0.76845110895
5218	0.78013342401
5219	0.78291311436
5220	0.78127576251
5221	0.77662263702
5222	0.76867196106
5223	0.75467450664
5224	0.74702083869
5225	0.73996118676
5226	0.73874269236
5227	0.74220778581
5228	0.75315138864
5229	0.7574465814
5230	0.75899254617
5231	0.76071366951
5232	0.76189408596
5233	0.76193216391
5234	0.76432345917
5235	0.76900704702
5236	0.77196189594
5237	0.77424657294
5238	0.77618854839
5239	0.77547268293
5240	0.76973814366
5241	0.77056062738
5242	0.77951656122
5243	0.78342335889
5244	0.78422299584
5245	0.78071220885
5246	0.77755935459
5247	0.7719923583
5248	0.76792563324
5249	0.76466616072
5250	0.76192454832
5251	0.76092690603
5252	0.76005111318
5253	0.76296788415
5254	0.76893089112
5255	0.78042281643
5256	0.78595935036
5257	0.79176242994
5258	0.79024692753
5259	0.78313396647
5260	0.76886235081
5261	0.75558837744
5262	0.73616862294
5263	0.72476046912
5264	0.7178455134
5265	0.7157893041
5266	0.71633001099
5267	0.72170661753
5268	0.72700706817
5269	0.73354885998
5270	0.74171277246
5271	0.74858203464
5272	0.75593107899
5273	0.76126199199
5274	0.76419399414
5275	0.76774285908
5276	0.77144403582
5277	0.77679779559
5278	0.77784113142
5279	0.77468066157
5280	0.77216751687
5281	0.7694030577
5282	0.76328773893
5283	0.76715645865
5284	0.78087213624
5285	0.79208990031
5286	0.80341428264
5287	0.81704618874
5288	0.82243802646
5289	0.8210367579
5290	0.81939179046
5291	0.81597239055
5292	0.81100702587
5293	0.80330004879
5294	0.78953867766
5295	0.78205255269
5296	0.7777040508
5297	0.7765617123
5298	0.77826760446
5299	0.78435246087
5300	0.78989661039
5301	0.79755789393
5302	0.80380267773
5303	0.80910312837
5304	0.81347447703
5305	0.81682533663
5306	0.81942986841
5307	0.82059505368
5308	0.8204275107
5309	0.81799813749
5310	0.8170766511
5311	0.81811998693
5312	0.81643694154
5313	0.81292615455
5314	0.80693268522
5315	0.80135045775
5316	0.79145780634
5317	0.78876188748
5318	0.79076478765
5319	0.80178454638
5320	0.80051274285
5321	0.79078763442
5322	0.78327866268
5323	0.77544222057
5324	0.76727830809
5325	0.75875646288
5326	0.74497986057
5327	0.74247433146
5328	0.74695991397
5329	0.76021865616
5330	0.77005799844
5331	0.78359851746
5332	0.79143495957
5333	0.79659832959
5334	0.79794628902
5335	0.79564638084
5336	0.78687322116
5337	0.78239525424
5338	0.77987449395
5339	0.77696533857
5340	0.77407902996
5341	0.76962390981
5342	0.7701646167
5343	0.77795536527
5344	0.78037712289
5345	0.77992780308
5346	0.77342408922
5347	0.77538129585
5348	0.78317204442
5349	0.79029262107
5350	0.79819760349
5351	0.80781609366
5352	0.8144111946
5353	0.82052651337
5354	0.82317673869
5355	0.8230929672
5356	0.81978018555
5357	0.81617801148
5358	0.8096133729
5359	0.80564565051
5360	0.80280503544
5361	0.8019977829
5362	0.79668971667
5363	0.78809171556
5364	0.78061320618
5365	0.77078147949
5366	0.76468900749
5367	0.76142191938
5368	0.76081267218
5369	0.76352382222
5370	0.77238836898
5371	0.77877784899
5372	0.78423061143
5373	0.78834303003
5374	0.7928590749
5375	0.79871546361
5376	0.8014646916
5377	0.80202062967
5378	0.79969025913
5379	0.79769497455
5380	0.79373486775
5381	0.79167104286
5382	0.79062770703
5383	0.79107702684
5384	0.79047539523
5385	0.79134357249
5386	0.78830495208
5387	0.78270749343
5388	0.77286053556
5389	0.76931167062
5390	0.77021031024
5391	0.76876334814
5392	0.76680614151
5393	0.76401883557
5394	0.76283841912
5395	0.76303642446
5396	0.76205401335
5397	0.75861938226
5398	0.75826906512
5399	0.76011965349
5400	0.76787232411
5401	0.76682898828
5402	0.75687541215
5403	0.75119418201
5404	0.7473178467
5405	0.74475900846
5406	0.74561195454
5407	0.74983860699
5408	0.7555426839
5409	0.76312781154
5410	0.77444457828
5411	0.78054466587
5412	0.78269226225
5413	0.78635536104
5414	0.79025454312
5415	0.79517421426
5416	0.79675064139
5417	0.79573015233
5418	0.7946868165
5419	0.79297330875
5420	0.79039923933
5421	0.78816787146
5422	0.78466470006
5423	0.78404022168
5424	0.7876804737
5425	0.78879996543
5426	0.78832779885
5427	0.78586034769
5428	0.78287503641
5429	0.77748319869
5430	0.77376679077
5431	0.77105564073
5432	0.76910604969
5433	0.76889281317
5434	0.76969245012
5435	0.77272345494
5436	0.77775735993
5437	0.78541864347
5438	0.79288192167
5439	0.80540956722
5440	0.80971237557
5441	0.80868427092
5442	0.80112199005
5443	0.7930875426
5444	0.77736896484
5445	0.77048447148
5446	0.76845872454
5447	0.77262445227
5448	0.77531275554
5449	0.78238002306
5450	0.78317966001
5451	0.78048374115
5452	0.772982385
5453	0.7698599931
5454	0.76602173574
5455	0.76759816287
5456	0.77712526596
5457	0.78306542616
5458	0.78708645768
5459	0.78953867766
5460	0.78905889549
5461	0.78298165467
5462	0.77999634339
5463	0.77859507483
5464	0.77901393228
5465	0.7802171955
5466	0.78428392056
5467	0.78604312185
5468	0.78652290402
5469	0.78614974011
5470	0.7830349638
5471	0.77611239249
5472	0.77056824297
5473	0.76524494556
5474	0.75975410517
5475	0.75603769725
5476	0.75253452585
5477	0.75217659312
5478	0.75424041801
5479	0.75920578269
5480	0.7642244565
5481	0.77206089861
5482	0.7767140241
5483	0.77979072246
5484	0.77798582763
5485	0.79574538351
5486	0.84886412376
5487	0.84641190378
5488	0.7717638906
5489	0.74149953594
5490	0.73775266566
5491	0.78139761195
5492	0.79062009144
5493	0.78220486449
5494	0.77857984365
5495	0.77565545709
5496	0.77215228569
5497	0.77353832307
5498	0.78333197181
5499	0.78586796328
5500	0.78440577
5501	0.77699580093
5502	0.77287576674
5503	0.76735446399
5504	0.76550387562
5505	0.76615120077
5506	0.77116987458
5507	0.77050731825
5508	0.7657475745
5509	0.76314304272
5510	0.76111729578
5511	0.75786543885
5512	0.7648337037
5513	0.78491601453
5514	0.79355209359
5515	0.79340739738
5516	0.79511328954
5517	0.79729896387
5518	0.8010077562
5519	0.80231002209
5520	0.80418345723
5521	0.80152561632
5522	0.79516659867
5523	0.7811310663
5524	0.77533560231
5525	0.77490912927
5526	0.77409426114
5527	0.77398764288
5528	0.77354593866
5529	0.77733088689
5530	0.78857149773
5531	0.79304946465
5532	0.79381102365
5533	0.78857911332
5534	0.78849534183
5535	0.79009461573
5536	0.79248591099
5537	0.79588246413
5538	0.80130476421
5539	0.80308681227
5540	0.8028354978
5541	0.80181500874
5542	0.7997131059
5543	0.79573776792
5544	0.79509044277
5545	0.79569207438
5546	0.79816714113
5547	0.8055009543
5548	0.80916405309
5549	0.81035208513
5550	0.8071763841
5551	0.80673467988
5552	0.80834156937
5553	0.80808263931
5554	0.80662806162
5555	0.80325435525
5556	0.80094683148
5557	0.79858599858
5558	0.79676587257
5559	0.79537983519
5560	0.79559307171
5561	0.79215082503
5562	0.78437530764
5563	0.77954702358
5564	0.77605908336
5565	0.77394956493
5566	0.77304330972
5567	0.77419326381
5568	0.77484820455
5569	0.77561737914
5570	0.77614285485
5571	0.77857984365
5572	0.78329389386
5573	0.78643151694
5574	0.78901320195
5575	0.79081809678
5576	0.79334647266
5577	0.79700957145
5578	0.79833468411
5579	0.79943132907
5580	0.79722280797
5581	0.79218128739
5582	0.78244856337
5583	0.77514521256
5584	0.76791040206
5585	0.76143715056
5586	0.75560360862
5587	0.749374056
5588	0.74707414782
5589	0.74803371216
5590	0.75021938649
5591	0.75405764385
5592	0.76070605392
5593	0.76478801016
5594	0.76865672988
5595	0.77052254943
5596	0.77079671067
5597	0.76904512497
5598	0.76749154461
5599	0.76320396744
5600	0.76321919862
5601	0.76577042127
5602	0.77134503315
5603	0.77710241919
5604	0.78528917844
5605	0.79167104286
5606	0.79737511977
5607	0.80271364836
5608	0.80533341132
5609	0.80686414491
5610	0.80454900555
5611	0.79646124897
5612	0.79005653778
5613	0.78416968671
5614	0.77766597285
5615	0.77502336312
5616	0.77527467759
5617	0.77731565571
5618	0.781359534
5619	0.78955390884
5620	0.7926306072
5621	0.79167865845
5622	0.79228790565
5623	0.79328554794
5624	0.79458781383
5625	0.79660594518
5626	0.7978853643
5627	0.80255372097
5628	0.80964383526
5629	0.82140992181
5630	0.8256061119
5631	0.82617728115
5632	0.82418961216
5633	0.81937655928
5634	0.81026831364
5635	0.8063386692
5636	0.80515825275
5637	0.80317058376
5638	0.80112199005
5639	0.79960648764
5640	0.79854792063
5641	0.79874592597
5642	0.79717711443
5643	0.79310277378
5644	0.79106179566
5645	0.79030785225
5646	0.79170912081
5647	0.7917928923
5648	0.79116841392
5649	0.79115318274
5650	0.79150349988
5651	0.79371963657
5652	0.79116079833
5653	0.78403260609
5654	0.7782371421
5655	0.77249498724
5656	0.76640251524
5657	0.76195501068
5658	0.75699726159
5659	0.756228087
5660	0.75852799518
5661	0.76500886227
5662	0.76931928621
5663	0.77497005399
5664	0.77767358844
5665	0.7785417657
5666	0.77681302677
5667	0.77768120403
5668	0.77772689757
5669	0.78231148275
5670	0.79395571986
5671	0.80178454638
5672	0.80735154267
5673	0.81046631898
5674	0.81181427841
5675	0.81095371674
5676	0.80856242148
5677	0.80451854319
5678	0.79792344225
5679	0.79250114217
5680	0.78599742831
5681	0.7816641576
5682	0.77885400489
5683	0.77921193762
5684	0.77529752436
5685	0.764605236
5686	0.76232817459
5687	0.76507740258
5688	0.77462735244
5689	0.78191547207
5690	0.79204420677
5691	0.79852507386
5692	0.80294973165
5693	0.80524963983
5694	0.80577511554
5695	0.80378744655
5696	0.80136568893
5697	0.7979615202
5698	0.79305708024
5699	0.79035354579
5700	0.78910458903
5701	0.78704837973
5702	0.78443623236
5703	0.78233432952
5704	0.78058274382
5705	0.77969933538
5706	0.77765074167
5707	0.77364494133
5708	0.77168011911
5709	0.77104802514
5710	0.77082717303
5711	0.77489389809
5712	0.78504547956
5713	0.79228790565
5714	0.79846414914
5715	0.80358182562
5716	0.80764093509
5717	0.81106795059
5718	0.81253775946
5719	0.81236260089
5720	0.80987991855
5721	0.80857765266
5722	0.80722969323
5723	0.8058817338
5724	0.80452615878
5725	0.80328481761
5726	0.80132761098
5727	0.79825852821
5728	0.79646124897
5729	0.79530367929
5730	0.79481628153
5731	0.79469443209
5732	0.79515898308
5733	0.79580630823
5734	0.79761120306
5735	0.79819760349
5736	0.79793105784
5737	0.79640032425
5738	0.79528844811
5739	0.79289715285
5740	0.79266868515
5741	0.79394810427
5742	0.79787774871
5743	0.79955317851
5744	0.80055843639
5745	0.80084782881
5746	0.80042135577
5747	0.79873069479
5748	0.79844891796
5749	0.79853268945
5750	0.79944656025
5751	0.8010839121
5752	0.80393975835
5753	0.80531056455
5754	0.80654429013
5755	0.80632343802
5756	0.80497547859
5757	0.80266795482
5758	0.79833468411
5759	0.79024692753
5760	0.78586034769
5761	0.78193070325
5762	0.78167177319
5763	0.78465708447
5764	0.79375009893
5765	0.79815190995
5766	0.80109914328
5767	0.80234048445
5768	0.80192924259
5769	0.79975879944
5770	0.79623278127
5771	0.78832779885
5772	0.78451238826
5773	0.78314158206
5774	0.78558618645
5775	0.78574611384
5776	0.78831256767
5777	0.78499217043
5778	0.77760504813
5779	0.76317350508
5780	0.75647940147
5781	0.75199381896
5782	0.75136172499
5783	0.75419472447
5784	0.7617113118
5785	0.76690514418
5786	0.77279199525
5787	0.77758220136
5788	0.7817403135
5789	0.78563949558
5790	0.78668283141
5791	0.79030785225
5792	0.78046089438
5793	0.73885692621
5794	0.72735738531
5795	0.73702918461
5796	0.78915028257
5797	0.80198255172
5798	0.78202209033
5799	0.77943278973
5800	0.78544910583
5801	0.80627012889
5802	0.81613231794
5803	0.82272741888
5804	0.82715207667
5805	0.8291854392
5806	0.82667991009
5807	0.82946721603
5808	0.83677818243
5809	0.84102768165
5810	0.84391399026
5811	0.84618343608
5812	0.84404345529
5813	0.83431834686
5814	0.83156150328
5815	0.83217836607
5816	0.83680864479
5817	0.84162169767
5818	0.85146103995
5819	0.85440827328
5820	0.8536314831
5821	0.84909259146
5822	0.84104291283
5823	0.82466939433
5824	0.81722134731
5825	0.81742696824
5826	0.81533268099
5827	0.81245398797
5828	0.80719923087
5829	0.80581319349
5830	0.808775658
5831	0.80935444284
5832	0.80876804241
5833	0.80651382777
5834	0.80475462648
5835	0.80072597937
5836	0.80064220788
5837	0.80320866171
5838	0.81012361743
5839	0.81337547436
5840	0.81658163775
5841	0.81673394955
5842	0.81451781286
5843	0.80909551278
5844	0.80500594095
5845	0.79975118385
5846	0.79635463071
5847	0.79406233812
5848	0.79340739738
5849	0.7909551774
5850	0.78635536104
5851	0.78514448223
5852	0.7869950706
5853	0.78876950307
5854	0.79087140591
5855	0.79553976258
5856	0.79448881116
5857	0.78370513572
5858	0.78099398568
5859	0.78347666802
5860	0.79446596439
5861	0.80074121055
5862	0.80622443535
5863	0.81125072475
5864	0.81575915403
5865	0.81952887108
5866	0.8235499026
5867	0.8259868914
5868	0.83140157589
5869	0.83881916055
5870	0.84619105167
5871	0.86347844097
5872	0.89942402577
5873	0.91565284806
5874	0.92125030671
5875	0.91546245831
5876	0.90254641767
5877	0.87605178006
5878	0.85253483814
5879	0.8277384771
5880	0.7983422997
5881	0.78652290402
5882	0.79437457731
5883	0.7857004203
5884	0.76342481955
5885	0.74659436565
5886	0.73255883328
5887	0.72129537567
5888	0.71293345785
5889	0.70751115777
5890	0.70484570127
5891	0.70495993512
5892	0.7077167787
5893	0.71372547921
5894	0.72455484819
5895	0.73504151562
5896	0.74619835497
5897	0.75871076934
5898	0.76952490714
5899	0.78088736742
5900	0.78893704605
5901	0.79452688911
5902	0.79762643424
5903	0.7984184556
5904	0.79448881116
5905	0.79338455061
5906	0.79327031676
5907	0.79490005302
5908	0.79389479514
5909	0.79084094355
5910	0.78903604872
5911	0.78761193339
5912	0.7867666029
5913	0.78503786397
5914	0.78208301505
5915	0.78108537276
5916	0.78186216294
5917	0.78247141014
5918	0.78320250678
5919	0.78464946888
5920	0.78447431031
5921	0.78323296914
5922	0.78134430282
5923	0.77873215545
5924	0.77422372617
5925	0.77273107053
5926	0.77410949232
5927	0.77422372617
5928	0.77390387139
5929	0.77253306519
5930	0.77301284736
5931	0.77477204865
5932	0.77662263702
5933	0.77883115812
5934	0.78179362263
5935	0.78347666802
5936	0.78471800919
5937	0.78510640428
5938	0.78474085596
5939	0.78327866268
5940	0.78285218964
5941	0.7829588079
5942	0.78269987784
5943	0.78231909834
5944	0.78180123822
5945	0.78125291574
5946	0.78068936208
5947	0.77992780308
5948	0.7786940775
5949	0.77787159378
5950	0.77733850248
5951	0.77745273633
5952	0.77675971764
5953	0.775267062
5954	0.77424657294
5955	0.77346216717
5956	0.77253306519
5957	0.77310423444
5958	0.775267062
5959	0.77716334391
5960	0.77918147526
5961	0.78179362263
5962	0.78276080256
5963	0.78241810101
5964	0.78207539946
5965	0.7814356899
5966	0.7795317924
5967	0.78160323288
5968	0.78860196009
5969	0.7913359569
5970	0.79215082503
5971	0.79076478765
5972	0.78895227723
5973	0.78496932366
5974	0.7826541843
5975	0.78092544537
5976	0.77987449395
5977	0.77949371445
5978	0.78088736742
5979	0.77988972513
5980	0.77674448646
5981	0.77414757027
5982	0.77166488793
5983	0.76853488044
5984	0.76781901498
5985	0.76890804435
5986	0.77084240421
5987	0.77379725313
5988	0.77873977104
5989	0.78142045872
5990	0.78309588852
5991	0.78410876199
5992	0.78438292323
5993	0.78348428361
5994	0.78359090187
5995	0.78472562478
5996	0.78449715708
5997	0.78346905243
5998	0.78132907164
5999	0.77988210954
6000	0.77916624408
6001	0.77691964503
6002	0.77372871282
6003	0.76868719224
6004	0.7679560956
6005	0.77117749017
6006	0.77159634762
6007	0.76991330223
6008	0.76928120826
6009	0.7692507459
6010	0.77030931291
6011	0.77062916769
6012	0.77073578595
6013	0.77065963005
6014	0.77040069999
6015	0.77030931291
6016	0.76890042876
6017	0.76481085693
6018	0.76343243514
6019	0.76368374961
6020	0.76661575176
6021	0.76753723815
6022	0.7660521981
6023	0.76809317622
6024	0.77233505985
6025	0.78025527345
6026	0.78436007646
6027	0.78637059222
6028	0.78899035518
6029	0.79154919342
6030	0.79428319023
6031	0.79585961736
6032	0.79668210108
6033	0.79698672468
6034	0.79670494785
6035	0.79624801245
6036	0.79271437869
6037	0.78376606044
6038	0.78180123822
6039	0.78656859756
6040	0.78918074493
6041	0.79097040858
6042	0.79074194088
6043	0.79318654527
6044	0.79920286137
6045	0.8022262506
6046	0.80343712941
6047	0.8023785624
6048	0.8010077562
6049	0.79731419505
6050	0.7954483755
6051	0.79455735147
6052	0.79578346146
6053	0.79378056129
6054	0.78824402736
6055	0.78563187999
6056	0.78445907913
6057	0.78520540695
6058	0.78536533434
6059	0.78764239575
6060	0.78599742831
6061	0.78193831884
6062	0.77342408922
6063	0.77320323711
6064	0.77878546458
6065	0.78287503641
6066	0.78744439041
6067	0.79265345397
6068	0.7971999612
6069	0.80211201675
6070	0.80540195163
6071	0.80809787049
6072	0.80891273862
6073	0.80803694577
6074	0.80444238729
6075	0.80225671296
6076	0.80017765689
6077	0.79833468411
6078	0.79669733226
6079	0.79478581917
6080	0.79469443209
6081	0.79735988859
6082	0.79793105784
6083	0.7974284289
6084	0.7959814668
6085	0.79299615552
6086	0.78723876948
6087	0.78321773796
6088	0.77987449395
6089	0.77685110472
6090	0.77615047044
6091	0.77806198353
6092	0.77932617147
6093	0.78078074916
6094	0.78248664132
6095	0.78396406578
6096	0.78701791737
6097	0.78590604123
6098	0.77847322539
6099	0.77474920188
6100	0.77337078009
6101	0.77666833056
6102	0.7758763092
6103	0.77018746347
6104	0.76900704702
6105	0.77076624831
6106	0.77753650782
6107	0.78087975183
6108	0.78297403908
6109	0.78503024838
6110	0.78681229644
6111	0.7888228122
6112	0.78879996543
6113	0.7863858234
6114	0.78491601453
6115	0.78366705777
6116	0.78313396647
6117	0.78085690506
6118	0.77516044374
6119	0.77405618319
6120	0.77562499473
6121	0.78170223555
6122	0.78173269791
6123	0.77691964503
6124	0.77582300007
6125	0.77619616398
6126	0.7786179216
6127	0.77919670644
6128	0.77919670644
6129	0.77924239998
6130	0.781359534
6131	0.77956987035
6132	0.77472635511
6133	0.76516117407
6134	0.75732473196
6135	0.7460993523
6136	0.74055520278
6137	0.73911585627
6138	0.74129391501
6139	0.74907704799
6140	0.76929643944
6141	0.77995064985
6142	0.78546433701
6143	0.78496170807
6144	0.78244856337
6145	0.77152780731
6146	0.76792563324
6147	0.76809317622
6148	0.77429988207
6149	0.77490151368
6150	0.77299761618
6151	0.77148211377
6152	0.76963914099
6153	0.76641013083
6154	0.76821502566
6155	0.77971456656
6156	0.7770186477
6157	0.76649390232
6158	0.74501793852
6159	0.73563553164
6160	0.73070824491
6161	0.72677860047
6162	0.72380852037
6163	0.72461577291
6164	0.72875865387
6165	0.74004495825
6166	0.74357097642
6167	0.74101975377
6168	0.7403876598
6169	0.74021250123
6170	0.74041812216
6171	0.74131676178
6172	0.74528448417
6173	0.74491132026
6174	0.74172800364
6175	0.73174396515
6176	0.7338382524
6177	0.74919128184
6178	0.75446888571
6179	0.75506290173
6180	0.74915320389
6181	0.74648774739
6182	0.74077605489
6183	0.74159092302
6184	0.74652582534
6185	0.759274323
6186	0.7563803988
6187	0.73820960106
6188	0.73309192458
6189	0.73713580287
6190	0.74022773241
6191	0.74366997909
6192	0.74756916117
6193	0.7515825771
6194	0.74513217237
6195	0.75786543885
6196	0.78499217043
6197	0.85568007681
6198	0.85311362298
6199	0.76448338656
6200	0.7301066133
6201	0.72339727851
6202	0.76225201869
6203	0.7683368751
6204	0.76025673411
6205	0.75778166736
6206	0.75667740681
6207	0.75812436891
6208	0.7563042429
6209	0.75306000156
6210	0.74874196203
6211	0.74325873723
6212	0.73577261226
6213	0.7310204841
6214	0.72609319737
6215	0.72516409539
6216	0.72715176438
6217	0.73313000253
6218	0.73602392673
6219	0.73836191286
6220	0.74036481303
6221	0.74187269985
6222	0.7431292722
6223	0.74409645213
6224	0.74525402181
6225	0.74475900846
6226	0.74216970786
6227	0.74022773241
6228	0.73846853112
6229	0.73648086213
6230	0.73594777083
6231	0.73603154232
6232	0.73766889417
6233	0.74068466781
6234	0.74684568012
6235	0.74821648632
6236	0.74654105652
6237	0.74440869132
6238	0.74124060588
6239	0.73632855033
6240	0.73323662079
6241	0.73057116429
6242	0.72890335008
6243	0.72808848195
6244	0.72814179108
6245	0.72903281511
6246	0.73188866136
6247	0.73287107247
6248	0.73299292191
6249	0.73212474465
6250	0.73110425559
6251	0.73065493578
6252	0.7270603773
6253	0.71715249471
6254	0.71240036655
6255	0.71110571625
6256	0.71583499764
6257	0.71671840608
6258	0.7145708097
6259	0.71542375578
6260	0.71821106172
6261	0.7232525823
6262	0.72918512691
6263	0.74039527539
6264	0.74514740355
6265	0.74581757547
6266	0.7397022567
6267	0.73933670838
6268	0.74133960855
6269	0.74337297108
6270	0.74596988727
6271	0.75005184351
6272	0.75076770897
6273	0.74875719321
6274	0.74735592465
6275	0.74573380398
6276	0.74399744946
6277	0.74149953594
6278	0.73791259305
6279	0.73519382742
6280	0.73281776334
6281	0.73019038479
6282	0.73189627695
6283	0.73804967367
6284	0.74195647134
6285	0.74520071268
6286	0.74868103731
6287	0.75226036461
6288	0.75585492309
6289	0.75976933635
6290	0.76289172825
6291	0.76814648535
6292	0.77498528517
6293	0.78010296165
6294	0.79771782132
6295	0.8269769181
6296	0.85683764649
6297	0.88960753026
6298	0.93629109696
6299	0.94444739385
6300	0.9240756906
6301	0.89870816031
6302	0.86285396259
6303	0.80768662863
6304	0.78113868189
6305	0.77136787992
6306	0.76228248105
6307	0.75797205711
6308	0.76000541964
6309	0.75821575599
6310	0.75699726159
6311	0.75388248528
6312	0.7483840293
6313	0.7435862076
6314	0.73908539391
6315	0.73379255886
6316	0.73177442751
6317	0.73238367471
6318	0.73415810718
6319	0.7373414238
6320	0.74246671587
6321	0.74734069347
6322	0.75410333739
6323	0.75848991723
6324	0.76131530112
6325	0.76208447571
6326	0.76301357769
6327	0.76289934384
6328	0.76325727657
6329	0.76375228992
6330	0.76520686761
6331	0.7636152093
6332	0.75887069673
6333	0.75565691775
6334	0.75284676504
6335	0.74997568761
6336	0.74970914196
6337	0.75251167908
6338	0.75366163317
6339	0.75438511422
6340	0.75446127012
6341	0.75532944738
6342	0.75662409768
6343	0.75778166736
6344	0.75778166736
6345	0.7598074143
6346	0.76340958837
6347	0.77116987458
6348	0.77323369947
6349	0.77044639353
6350	0.76861865193
6351	0.7667376012
6352	0.76503932463
6353	0.76257187347
6354	0.75916008915
6355	0.75620524023
6356	0.75342554988
6357	0.74855918787
6358	0.75186435393
6359	0.76263279819
6360	0.77273868612
6361	0.78400214373
6362	0.79877638833
6363	0.80502117213
6364	0.80687937609
6365	0.80425961313
6366	0.79716949884
6367	0.78308827293
6368	0.77699580093
6369	0.77337839568
6370	0.77281484202
6371	0.77514521256
6372	0.78201447474
6373	0.78152707698
6374	0.77635609137
6375	0.7728300732
6376	0.76765908759
6377	0.76494032196
6378	0.76405691352
6379	0.76598365779
6380	0.76692037536
6381	0.7686414987
6382	0.76934213298
6383	0.76933451739
6384	0.76870242342
6385	0.76711076511
6386	0.76443007743
6387	0.76136861025
6388	0.75778928295
6389	0.75115610406
6390	0.75328846926
6391	0.76567903419
6392	0.77149734495
6393	0.77460450567
6394	0.77517567492
6395	0.77227413513
6396	0.76227486546
6397	0.75811675332
6398	0.75657840414
6399	0.75841376133
6400	0.75887831232
6401	0.75979979871
6402	0.76077459423
6403	0.76190931714
6404	0.76380559905
6405	0.76182554565
6406	0.75689825892
6407	0.75200905014
6408	0.74329681518
6409	0.73904731596
6410	0.73794305541
6411	0.74137007091
6412	0.74379944412
6413	0.74733307788
6414	0.75076009338
6415	0.7543241895
6416	0.76013488467
6417	0.75903062412
6418	0.74860488141
6419	0.74492655144
6420	0.74459146548
6421	0.74852872551
6422	0.75222228666
6423	0.75709626426
6424	0.76345528191
6425	0.77123841489
6426	0.78489316776
6427	0.77988972513
6428	0.75319708218
6429	0.74342628021
6430	0.74072274576
6431	0.74711984136
6432	0.74925220656
6433	0.75315138864
6434	0.75472781577
6435	0.75344839665
6436	0.75375302025
6437	0.75502482378
6438	0.75847468605
6439	0.7595789466
6440	0.75829191189
6441	0.75842137692
6442	0.75932763213
6443	0.76171892739
6444	0.76270895409
6445	0.76506978699
6446	0.76331820129
6447	0.758512764
6448	0.74932836246
6449	0.74170515687
6450	0.73062447342
6451	0.72550679694
6452	0.72431114931
6453	0.72731930736
6454	0.73303861545
6455	0.74632020441
6456	0.75328846926
6457	0.75727903842
6458	0.75647178588
6459	0.76132291671
6460	0.77104040955
6461	0.77578492212
6462	0.77811529266
6463	0.77737658043
6464	0.77814575502
6465	0.77851891893
6466	0.77924239998
6467	0.78229625157
6468	0.78171746673
6469	0.77836660713
6470	0.76716407424
6471	0.76760577846
6472	0.77906724141
6473	0.78696460824
6474	0.79385671719
6475	0.80192924259
6476	0.80203586085
6477	0.79274484105
6478	0.78674375613
6479	0.78148138344
6480	0.77639416932
6481	0.77406379878
6482	0.7748101266
6483	0.77501574753
6484	0.77548029852
6485	0.77634086019
6486	0.77697295416
6487	0.77941755855
6488	0.77777259111
6489	0.77349262953
6490	0.7663568217
6491	0.75769789587
6492	0.74293126686
6493	0.73617623853
6494	0.73367832501
6495	0.73555176015
6496	0.74096644464
6497	0.75411095298
6498	0.760797441
6499	0.76210732248
6500	0.76610550723
6501	0.77155065408
6502	0.78030858258
6503	0.78508355751
6504	0.78616497129
6505	0.78902081754
6506	0.79265345397
6507	0.79796913579
6508	0.80112199005
6509	0.80285834457
6510	0.8045870835
6511	0.80601881442
6512	0.80721446205
6513	0.80785417161
6514	0.80735154267
6515	0.80788463397
6516	0.80894320098
6517	0.81011600184
6518	0.81363440442
6519	0.82016858064
6520	0.82492832439
6521	0.82913213007
6522	0.83274953532
6523	0.83589477399
6524	0.83697618777
6525	0.84141607674
6526	0.84914590059
6527	0.85641878904
6528	0.86372975544
6529	0.87046955259
6530	0.87886954836
6531	0.88822910847
6532	0.89869292913
6533	0.91023816357
6534	0.92211848397
6535	0.93728873925
6536	0.95363941098
6537	0.97468128615
6538	0.99974419284
6539	1.02217210539
6540	1.07108703996
6541	1.1119522959
6542	1.22099231352
6543	1.38186403668
6544	1.63459500642
6545	1.78427181228
6546	1.91512287966
6547	1.96776945333
6548	1.95627752802
6549	1.87528572837
6550	1.75470047631
6551	1.49729353431
6552	1.39305895398
6553	1.36739441568
6554	1.40913546447
6555	1.59289203558
6556	1.77145477431
6557	2.3698954521
6558	3.67357022625
6559	4.59700620729
6560	5.29048944828
6561	5.81400795165
6562	5.94021350913
6563	5.7532736214
6564	5.20409057973
6565	4.30097299281
6566	2.65145142999
6567	1.86263623338
6568	1.62292030695
6569	1.38753003564
6570	1.26360153957
6571	1.29537378105
6572	1.28404178313
6573	1.28912138166
6574	1.32634638558
6575	1.39224408585
6576	1.44530190138
6577	1.69450685295
6578	2.12500092447
6579	2.55584531313
6580	3.03093627969
6581	3.6555593559
6582	3.81631684521
6583	3.69806196369
6584	3.41253826341
6585	2.93042572287
6586	2.17019183553
6587	1.71017973717
6588	1.31100858732
6589	1.06468994436
6590	1.02863012571
6591	0.97594547409
6592	0.94006081401
6593	0.9284165769
6594	0.9122715261
6595	0.9017620119
6596	0.8923948362
6597	0.88496963595
6598	0.88077344586
6599	0.87438396585
6600	0.86751470367
6601	0.86011996578
6602	0.85221498336
6603	0.84280211412
6604	0.8364964056
6605	0.83357201904
6606	0.82845434256
6607	0.82241517969
6608	0.81429696075
6609	0.81010838625
6610	0.80871473328
6611	0.80709261261
6612	0.80597312088
6613	0.80559995697
6614	0.80460993027
6615	0.80348282295
6616	0.80224148178
6617	0.80086305999
6618	0.79907339634
6619	0.79905816516
6620	0.80262987687
6621	0.80013196335
6622	0.79047539523
6623	0.78427630497
6624	0.77988972513
6625	0.7781609862
6626	0.77570876622
6627	0.77390387139
6628	0.7717638906
6629	0.76947159801
6630	0.76662336735
6631	0.76493270637
6632	0.76385129259
6633	0.76337912601
6634	0.76352382222
6635	0.76456715805
6636	0.76509263376
6637	0.76588465512
6638	0.76596842661
6639	0.76558003152
6640	0.76455954246
6641	0.76372182756
6642	0.76226724987
6643	0.76187885478
6644	0.76213016925
6645	0.76324204539
6646	0.76379798346
6647	0.76428538122
6648	0.76478039457
6649	0.76578565245
6650	0.76590750189
6651	0.76532871705
6652	0.76354666899
6653	0.76245002403
6654	0.76146761292
6655	0.76065274479
6656	0.76000541964
6657	0.75999018846
6658	0.75869553816
6659	0.75590823222
6660	0.75394341
6661	0.7523441361
6662	0.75067632189
6663	0.75091240518
6664	0.75303715479
6665	0.75513144204
6666	0.75761412438
6667	0.76084313454
6668	0.76303642446
6669	0.7644529242
6670	0.76618166313
6671	0.76797132678
6672	0.76963914099
6673	0.7721446701
6674	0.77630278224
6675	0.77825237328
6676	0.77897585433
6677	0.7785417657
6678	0.77657694348
6679	0.77231221308
6680	0.76895373789
6681	0.76464331395
6682	0.76202355099
6683	0.76072890069
6684	0.76132291671
6685	0.76164277149
6686	0.76289172825
6687	0.76345528191
6688	0.76362282489
6689	0.76335627924
6690	0.7627774944
6691	0.76203116658
6692	0.7605689733
6693	0.758512764
6694	0.75500197701
6695	0.75387486969
6696	0.75419472447
6697	0.75498674583
6698	0.7564565547
6699	0.75891639027
6700	0.76082790336
6701	0.76264802937
6702	0.764605236
6703	0.76665382971
6704	0.76803986709
6705	0.77315754357
6706	0.77790205614
6707	0.79097040858
6708	0.81006269271
6709	0.82737292878
6710	0.89953825962
6711	1.01514291582
6712	1.13935318872
6713	1.34720548659
6714	1.46032746045
6715	1.50550314033
6716	1.47137006595
6717	1.40212912167
6718	1.24171433391
6719	1.11222645714
6720	0.99172497657
6721	0.85801044735
6722	0.80486886033
6723	0.81065670873
6724	0.85178089473
6725	0.93310778034
6726	1.0737220341
6727	1.1844527127
6728	1.33072534983
6729	1.40051461659
6730	1.41946220451
6731	1.38905315364
6732	1.30151194659
6733	1.10563897179
6734	0.97809307047
6735	0.87471905181
6736	0.79344547533
6737	0.74705130105
6738	0.74670098391
6739	0.7377222033
6740	0.73483589469
6741	0.73984695291
6742	0.73877315472
6743	0.73597823319
6744	0.73471404525
6745	0.73451603991
6746	0.73409718246
6747	0.73365547824
6748	0.72645874569
6749	0.73927578366
6750	0.79010984691
6751	0.80358182562
6752	0.79379579247
6753	0.7409207511
6754	0.73086055671
6755	0.74338058667
6756	0.75672310035
6757	0.77551076088
6758	0.80818164198
6759	0.81409133982
6760	0.79912670547
6761	0.78766524252
6762	0.77398764288
6763	0.75513905763
6764	0.7473178467
6765	0.75027269562
6766	0.74596227168
6767	0.73900162242
6768	0.72668721339
6769	0.72667198221
6770	0.73616100735
6771	0.74232201966
6772	0.74962537047
6773	0.75551983713
6774	0.76034812119
6775	0.76161992472
6776	0.76874050137
6777	0.79069624734
6778	0.79469443209
6779	0.78618781806
6780	0.75429372714
6781	0.74326635282
6782	0.74439346014
6783	0.74327396841
6784	0.74271041475
6785	0.74102736936
6786	0.74565764808
6787	0.76092690603
6788	0.76630351257
6789	0.76628828139
6790	0.75920578269
6791	0.75337224075
6792	0.74117206557
6793	0.73795828659
6794	0.74004495825
6795	0.75085909605
6796	0.75072201543
6797	0.73877315472
6798	0.74143099563
6799	0.7518110448
6800	0.77524421523
6801	0.77472635511
6802	0.75472781577
6803	0.74810986806
6804	0.74858965023
6805	0.74831548899
6806	0.74842210725
6807	0.74768339502
6808	0.75079817133
6809	0.76252617993
6810	0.76546579767
6811	0.76265564496
6812	0.7497548355
6813	0.74481231759
6814	0.74295411363
6815	0.74194885575
6816	0.74223063258
6817	0.74429445747
6818	0.74593180932
6819	0.74878765557
6820	0.75003661233
6821	0.75030315798
6822	0.74900850768
6823	0.74919889743
6824	0.75117895083
6825	0.75056208804
6826	0.74843733843
6827	0.74348720493
6828	0.74360905437
6829	0.74830025781
6830	0.74961013929
6831	0.74965583283
6832	0.74791186272
6833	0.74833072017
6834	0.74959490811
6835	0.75115610406
6836	0.75697441482
6837	0.75660125091
6838	0.75164350182
6839	0.73740234852
6840	0.73227705645
6841	0.73177442751
6842	0.73290915042
6843	0.73622193207
6844	0.74347958934
6845	0.74717315049
6846	0.74961775488
6847	0.75101140785
6848	0.75132364704
6849	0.75056970363
6850	0.74865057495
6851	0.74414976126
6852	0.74162138538
6853	0.74001449589
6854	0.73982410614
6855	0.73843806876
6856	0.73613054499
6857	0.7349805909
6858	0.73446273078
6859	0.7342951878
6860	0.73621431648
6861	0.74108067849
6862	0.7437385194
6863	0.74559672336
6864	0.74664767478
6865	0.74689137366
6866	0.74493416703
6867	0.74595465609
6868	0.75110279493
6869	0.75306761715
6870	0.7530295392
6871	0.75020415531
6872	0.74774431974
6873	0.74341866462
6874	0.74089028874
6875	0.73945094223
6876	0.73919962776
6877	0.73972510347
6878	0.7419107778
6879	0.74346435816
6880	0.74487324231
6881	0.74595465609
6882	0.74759962353
6883	0.74974721991
6884	0.75162065505
6885	0.75339508752
6886	0.7545526572
6887	0.75807105978
6888	0.76656244263
6889	0.7678037838
6890	0.76493270637
6891	0.75579399837
6892	0.75481158726
6893	0.75986072343
6894	0.75979979871
6895	0.75528375384
6896	0.75283914945
6897	0.75155973033
6898	0.75197858778
6899	0.75206235927
6900	0.75267922206
