l	fo
1	4672	0.01567022952
2	4673	0.01674734064
3	4674	0.017778413946
4	4675	0.018763738984
5	4676	0.019703026208
6	4677	0.020497829978
7	4678	0.021651960334
8	4679	0.023216377372
9	4680	0.024469242914
10	4681	0.025586890474
11	4682	0.026410069752
12	4683	0.02788617526
13	4684	0.030406962736
14	4685	0.03148088885
15	4686	0.031766960298
16	4687	0.030974472896
17	4688	0.031217112444
18	4689	0.032272507614
19	4690	0.03209762183
20	4691	0.030537837528
21	4692	0.029596233936
22	4693	0.028971393668
23	4694	0.028732807764
24	4695	0.02860859253
25	4696	0.028926514038
26	4697	0.028983265054
27	4698	0.02890537718
28	4699	0.028770159198
29	4700	0.028252740496
30	4701	0.027086738754
31	4702	0.026369822858
32	4703	0.025875567836
33	4704	0.0254366161
34	4705	0.025836768672
35	4706	0.027619503394
36	4707	0.028281984642
37	4708	0.028398382134
38	4709	0.027791204172
39	4710	0.027397421612
40	4711	0.026836860556
41	4712	0.026294830444
42	4713	0.025724424824
43	4714	0.024895744172
44	4715	0.025242041188
45	4716	0.026754919038
46	4717	0.027671042582
47	4718	0.028465846352
48	4719	0.029128906692
49	4720	0.029740138298
50	4721	0.030852863576
51	4722	0.03030967528
52	4723	0.026763315872
53	4724	0.025657539698
54	4725	0.02612718331
55	4726	0.029874777188
56	4727	0.030127840392
57	4728	0.027360359724
58	4729	0.026143687432
59	4730	0.025621346448
60	4731	0.025972855292
61	4732	0.026417887494
62	4733	0.027629058412
63	4734	0.028331207462
64	4735	0.0287953497
65	4736	0.028757998266
66	4737	0.029490839192
67	4738	0.031478572482
68	4739	0.031842531804
69	4740	0.031259675706
70	4741	0.029101110276
71	4742	0.028831832496
72	4743	0.030056901622
73	4744	0.0300548748
74	4745	0.029521531068
75	4746	0.028169061702
76	4747	0.027886464806
77	4748	0.027954508116
78	4749	0.028480323652
79	4750	0.030367874026
80	4751	0.031108532694
81	4752	0.031042805752
82	4753	0.029476361892
83	4754	0.029025828316
84	4755	0.0292007141
85	4756	0.02923545962
86	4757	0.0292586233
87	4758	0.02930495066
88	4759	0.029231695522
89	4760	0.029021774672
90	4761	0.028854417084
91	4762	0.028695166784
92	4763	0.028613514812
93	4764	0.028298199218
94	4765	0.02766901576
95	4766	0.027278997298
96	4767	0.02700740315
97	4768	0.026573663242
98	4769	0.027375416116
99	4770	0.030336023966
100	4771	0.030979395178
101	4772	0.030383799056
102	4773	0.027840426992
103	4774	0.027426086666
104	4775	0.0283465534
105	4776	0.028411122158
106	4777	0.02819164629
107	4778	0.027650484816
108	4779	0.027048808228
109	4780	0.02569865523
110	4781	0.025722398002
111	4782	0.027329957394
112	4783	0.028339893842
113	4784	0.029067812486
114	4785	0.029475493254
115	4786	0.029710025514
116	4787	0.029510238774
117	4788	0.029492286922
118	4789	0.029549037938
119	4790	0.029775173364
120	4791	0.029774594272
121	4792	0.028982396416
122	4793	0.029432640446
123	4794	0.030715618772
124	4795	0.033716473516
125	4796	0.034376927942
126	4797	0.033393629726
127	4798	0.032729121656
128	4799	0.031941556536
129	4800	0.030727779704
130	4801	0.030653366382
131	4802	0.032052452654
132	4803	0.032093857732
133	4804	0.031475677022
134	4805	0.029725371452
135	4806	0.029686572288
136	4807	0.031552406712
137	4808	0.031167020986
138	4809	0.02963648083
139	4810	0.026349265092
140	4811	0.025848060966
141	4812	0.026825857808
142	4813	0.027872856144
143	4814	0.030122339018
144	4815	0.031561093092
145	4816	0.032497774402
146	4817	0.032979868492
147	4818	0.032821776376
148	4819	0.031462647452
149	4820	0.030667843682
150	4821	0.030115100368
151	4822	0.029812235252
152	4823	0.029726819182
153	4824	0.029979882386
154	4825	0.030240763332
155	4826	0.030578084422
156	4827	0.03145338198
157	4828	0.030686953718
158	4829	0.027528296404
159	4830	0.026596826922
160	4831	0.026824410078
161	4832	0.028899007168
162	4833	0.029130643968
163	4834	0.028365952982
164	4835	0.028037318272
165	4836	0.027783675976
166	4837	0.027508896822
167	4838	0.02782392287
168	4839	0.029090397074
169	4840	0.029274837876
170	4841	0.028514779626
171	4842	0.027914261222
172	4843	0.027329667848
173	4844	0.02641528158
174	4845	0.026459003026
175	4846	0.02792381624
176	4847	0.028490747308
177	4848	0.028535337392
178	4849	0.02744172215
179	4850	0.027675096226
180	4851	0.029378495344
181	4852	0.029957297798
182	4853	0.02990431088
183	4854	0.028508120068
184	4855	0.028881055316
185	4856	0.030204859628
186	4857	0.031932291064
187	4858	0.034181194846
188	4859	0.033690993468
189	4860	0.046354577324
190	4861	0.083605538862
191	4862	0.092172915456
192	4863	0.084687572264
193	4864	0.053778536764
194	4865	0.040617802426
195	4866	0.030412174564
196	4867	0.024286249842
197	4868	0.02195048226
198	4869	0.02436674363
199	4870	0.025098715918
200	4871	0.027135672028
201	4872	0.028228997724
202	4873	0.029102847552
203	4874	0.02947867826
204	4875	0.029395289012
205	4876	0.02835089659
206	4877	0.028247818214
207	4878	0.02882575203
208	4879	0.029247331006
209	4880	0.029654722228
210	4881	0.030246554252
211	4882	0.030208913272
212	4883	0.029478099168
213	4884	0.028979500956
214	4885	0.028530704656
215	4886	0.028144450292
216	4887	0.027763986848
217	4888	0.02750252681
218	4889	0.027069945086
219	4890	0.026530810434
220	4891	0.025332089994
221	4892	0.026261243108
222	4893	0.030170982746
223	4894	0.031262860712
224	4895	0.030944939204
225	4896	0.028399829864
226	4897	0.028398382134
227	4898	0.03026913884
228	4899	0.030535810706
229	4900	0.030111625816
230	4901	0.028651445338
231	4902	0.028605986616
232	4903	0.029498656934
233	4904	0.029777779278
234	4905	0.029710604606
235	4906	0.02975664242
236	4907	0.029848718048
237	4908	0.029880278562
238	4909	0.03026190019
239	4910	0.031536771228
240	4911	0.031812998112
241	4912	0.031426164656
242	4913	0.029636770376
243	4914	0.029548748392
244	4915	0.031432534668
245	4916	0.03159525952
246	4917	0.030790032094
247	4918	0.028043398738
248	4919	0.027856641568
249	4920	0.030081223486
250	4921	0.03057316214
251	4922	0.030274061122
252	4923	0.028539970128
253	4924	0.02873599277
254	4925	0.030730385618
255	4926	0.031168468716
256	4927	0.030884134544
257	4928	0.029496919658
258	4929	0.029331299346
259	4930	0.02974940377
260	4931	0.030071958014
261	4932	0.030480796966
262	4933	0.031231010652
263	4934	0.030383219964
264	4935	0.027722002678
265	4936	0.026703090304
266	4937	0.026752892216
267	4938	0.02673233445
268	4939	0.026818908704
269	4940	0.026789375012
270	4941	0.027526269582
271	4942	0.029256017386
272	4943	0.030560711662
273	4944	0.031702681086
274	4945	0.033062968194
275	4946	0.033003032172
276	4947	0.030907298224
277	4948	0.030188355506
278	4949	0.030128129938
279	4950	0.030952177854
280	4951	0.031583967226
281	4952	0.0327331753
282	4953	0.033297500454
283	4954	0.033534059536
284	4955	0.03325146264
285	4956	0.033489179906
286	4957	0.033815787794
287	4958	0.034459738098
288	4959	0.035362832072
289	4960	0.036987185132
290	4961	0.036356264398
291	4962	0.03366840888
292	4963	0.03202089214
293	4964	0.03036468902
294	4965	0.029246172822
295	4966	0.028593246592
296	4967	0.028994846894
297	4968	0.0282452123
298	4969	0.025729636652
299	4970	0.02494728336
300	4971	0.025322824522
301	4972	0.027566806022
302	4973	0.028810985184
303	4974	0.030268270202
304	4975	0.030970708798
305	4976	0.031103899958
306	4977	0.03054565527
307	4978	0.029836557116
308	4979	0.028246080938
309	4980	0.027464596284
310	4981	0.027124958826
311	4982	0.027119457452
312	4983	0.027982594078
313	4984	0.030997926122
314	4985	0.031496524334
315	4986	0.030594588544
316	4987	0.027387577048
317	4988	0.02699871677
318	4989	0.028179485358
319	4990	0.0290559411
320	4991	0.030113942184
321	4992	0.031399526424
322	4993	0.032599405048
323	4994	0.03467602896
324	4995	0.034607117012
325	4996	0.031113454976
326	4997	0.029929211836
327	4998	0.030241342424
328	4999	0.033336589164
329	5000	0.034304541442
330	5001	0.032982763952
331	5002	0.03391307525
332	5003	0.03631341159
333	5004	0.041288101416
334	5005	0.044275637044
335	5006	0.047917257086
336	5007	0.04861766886
337	5008	0.047093498716
338	5009	0.042564420184
339	5010	0.038569843568
340	5011	0.032377902358
341	5012	0.028839939784
342	5013	0.026873922444
343	5014	0.027012035886
344	5015	0.026538049084
345	5016	0.02626471766
346	5017	0.026564687316
347	5018	0.027347330154
348	5019	0.028938385424
349	5020	0.029405133576
350	5021	0.028852969354
351	5022	0.029275127422
352	5023	0.030144344514
353	5024	0.03191810331
354	5025	0.031274442552
355	5026	0.02805845513
356	5027	0.027308820536
357	5028	0.028648260332
358	5029	0.029212585486
359	5030	0.029432929992
360	5031	0.029035383334
361	5032	0.029085185246
362	5033	0.029837136208
363	5034	0.029654722228
364	5035	0.028832411588
365	5036	0.026532258164
366	5037	0.026298594542
367	5038	0.028101597484
368	5039	0.028700378612
369	5040	0.028762631002
370	5041	0.028042819646
371	5042	0.027687257158
372	5043	0.026831069636
373	5044	0.026989451298
374	5045	0.02781523649
375	5046	0.029697864582
376	5047	0.030574320324
377	5048	0.031313241716
378	5049	0.031405317344
379	5050	0.030978236994
380	5051	0.029887227666
381	5052	0.02903277742
382	5053	0.027494129976
383	5054	0.02734038105
384	5055	0.0280135755
385	5056	0.029811077068
386	5057	0.030420571398
387	5058	0.030601537648
388	5059	0.030753259752
389	5060	0.030890504556
390	5061	0.03065423502
391	5062	0.03010120216
392	5063	0.028915221744
393	5064	0.028354371142
394	5065	0.02784274336
395	5066	0.02793829354
396	5067	0.028536495576
397	5068	0.03024452743
398	5069	0.030428099594
399	5070	0.029246462368
400	5071	0.028758866904
401	5072	0.028527809196
402	5073	0.02851304235
403	5074	0.028906535364
404	5075	0.030373664946
405	5076	0.030609644936
406	5077	0.030156505446
407	5078	0.0286071448
408	5079	0.028203807222
409	5080	0.028516227356
410	5081	0.028365663436
411	5082	0.028053243302
412	5083	0.027235565398
413	5084	0.028168772156
414	5085	0.031356963162
415	5086	0.032122522786
416	5087	0.030684058258
417	5088	0.029902573604
418	5089	0.029389208546
419	5090	0.029470860518
420	5091	0.028917538112
421	5092	0.027329088756
422	5093	0.026829621906
423	5094	0.02706386462
424	5095	0.028762920548
425	5096	0.0289546
426	5097	0.027552618268
427	5098	0.02748370632
428	5099	0.028178327174
429	5100	0.03036758448
430	5101	0.030795823014
431	5102	0.029770830174
432	5103	0.02957133298
433	5104	0.02969873322
434	5105	0.030542470264
435	5106	0.030159979998
436	5107	0.028622490738
437	5108	0.027811472392
438	5109	0.027274075016
439	5110	0.027009719518
440	5111	0.02702043272
441	5112	0.027500499988
442	5113	0.02779207281
443	5114	0.028066562418
444	5115	0.02822928727
445	5116	0.028942149522
446	5117	0.03045300055
447	5118	0.030998215668
448	5119	0.030790032094
449	5120	0.0305905349
450	5121	0.030289117514
451	5122	0.02965095813
452	5123	0.029579440268
453	5124	0.03053552116
454	5125	0.030456764648
455	5126	0.029703365956
456	5127	0.027290868684
457	5128	0.0273186651
458	5129	0.030113073546
459	5130	0.030925250076
460	5131	0.030712433766
461	5132	0.028772475566
462	5133	0.028320204714
463	5134	0.028409963974
464	5135	0.028704432256
465	5136	0.029279470612
466	5137	0.030427520502
467	5138	0.030639178628
468	5139	0.030488614708
469	5140	0.029791677486
470	5141	0.02859411523
471	5142	0.026495196276
472	5143	0.025906838804
473	5144	0.026561791856
474	5145	0.026415571126
475	5146	0.026012523094
476	5147	0.0251181155
477	5148	0.025470782528
478	5149	0.026964839888
479	5150	0.027622398854
480	5151	0.028294724666
481	5152	0.028186434462
482	5153	0.0274200062
483	5154	0.024923540588
484	5155	0.02489806054
485	5156	0.027354568804
486	5157	0.028643048504
487	5158	0.02942945544
488	5159	0.029589863924
489	5160	0.029653274498
490	5161	0.029335642536
491	5162	0.028984712784
492	5163	0.028528098742
493	5164	0.028001125022
494	5165	0.027237013128
495	5166	0.025835610488
496	5167	0.025223510244
497	5168	0.025071498594
498	5169	0.025579362278
499	5170	0.02567259609
500	5171	0.025495393938
501	5172	0.025801154514
502	5173	0.026400225188
503	5174	0.027422033022
504	5175	0.02804397783
505	5176	0.028576452924
506	5177	0.028975447312
507	5178	0.029912128622
508	5179	0.029628373542
509	5180	0.028351765228
510	5181	0.02489226962
511	5182	0.023676755512
512	5183	0.023828767162
513	5184	0.02423210474
514	5185	0.025066576312
515	5186	0.026891295204
516	5187	0.027468939474
517	5188	0.027036068204
518	5189	0.02688579383
519	5190	0.026772581344
520	5191	0.026547314556
521	5192	0.02686407788
522	5193	0.02767191122
523	5194	0.028489589124
524	5195	0.02942076906
525	5196	0.030579242606
526	5197	0.031410529172
527	5198	0.032261794412
528	5199	0.032622858274
529	5200	0.032615040532
530	5201	0.032309569502
531	5202	0.031304844882
532	5203	0.029099373
533	5204	0.027842164268
534	5205	0.02697989628
535	5206	0.026348975546
536	5207	0.02704504413
537	5208	0.02996511554
538	5209	0.030507145652
539	5210	0.028518254178
540	5211	0.02783695244
541	5212	0.02793105489
542	5213	0.029663119062
543	5214	0.029763301978
544	5215	0.028442393126
545	5216	0.027803365104
546	5217	0.02748949724
547	5218	0.027546827348
548	5219	0.02778628189
549	5220	0.028701536796
550	5221	0.029017431482
551	5222	0.028985291876
552	5223	0.028394907582
553	5224	0.02819019856
554	5225	0.027974197244
555	5226	0.028022551426
556	5227	0.028274456446
557	5228	0.02886918393
558	5229	0.029104584828
559	5230	0.028829805674
560	5231	0.02929915974
561	5232	0.030208044634
562	5233	0.031947926548
563	5234	0.032233997996
564	5235	0.031318453544
565	5236	0.031101004498
566	5237	0.031083052646
567	5238	0.031283708024
568	5239	0.031564567644
569	5240	0.032167691962
570	5241	0.032403961498
571	5242	0.032744467594
572	5243	0.032432916098
573	5244	0.031581361312
574	5245	0.02923980281
575	5246	0.029081131602
576	5247	0.031618712746
577	5248	0.032285537184
578	5249	0.031892333716
579	5250	0.029624030352
580	5251	0.02889813853
581	5252	0.02893433178
582	5253	0.028863103464
583	5254	0.028860787096
584	5255	0.028783478314
585	5256	0.029300317924
586	5257	0.030942622836
587	5258	0.031374625468
588	5259	0.031127063638
589	5260	0.029848138956
590	5261	0.029376468522
591	5262	0.028952283632
592	5263	0.028989055974
593	5264	0.029383996718
594	5265	0.03050946202
595	5266	0.03008962032
596	5267	0.02799330728
597	5268	0.027494129976
598	5269	0.02771534312
599	5270	0.028977184588
600	5271	0.028848047072
601	5272	0.027607052916
602	5273	0.02757057012
603	5274	0.029115877122
604	5275	0.029378205798
605	5276	0.028804325626
606	5277	0.026103440538
607	5278	0.026374166048
608	5279	0.029991464226
609	5280	0.031447880606
610	5281	0.031761458924
611	5282	0.030064429818
612	5283	0.030088751682
613	5284	0.03113777684
614	5285	0.031737716152
615	5286	0.032198673384
616	5287	0.032544680854
617	5288	0.032659920162
618	5289	0.03230175176
619	5290	0.032354159586
620	5291	0.032610697342
621	5292	0.033352514194
622	5293	0.033053413176
623	5294	0.031909127384
624	5295	0.031032671642
625	5296	0.030142028146
626	5297	0.028983265054
627	5298	0.029189421806
628	5299	0.031062784426
629	5300	0.031461489268
630	5301	0.03042115049
631	5302	0.030140580416
632	5303	0.030328785316
633	5304	0.031156886876
634	5305	0.031983830252
635	5306	0.033665223874
636	5307	0.034333785588
637	5308	0.034296144608
638	5309	0.033208899378
639	5310	0.032457527508
640	5311	0.031244329768
641	5312	0.030652497744
642	5313	0.030474137408
643	5314	0.030762525224
644	5315	0.031281391656
645	5316	0.032924854752
646	5317	0.033207451648
647	5318	0.032667448358
648	5319	0.030669870504
649	5320	0.030345289438
650	5321	0.031360437714
651	5322	0.031408212804
652	5323	0.031040489384
653	5324	0.029951506878
654	5325	0.029870723544
655	5326	0.030635124984
656	5327	0.030743125642
657	5328	0.030583875342
658	5329	0.029935002756
659	5330	0.030315176654
660	5331	0.031816472664
661	5332	0.032122812332
662	5333	0.031530401216
663	5334	0.030977657902
664	5335	0.030331680776
665	5336	0.029152359918
666	5337	0.029118772582
667	5338	0.030346158076
668	5339	0.03111316543
669	5340	0.031715710656
670	5341	0.032405409228
671	5342	0.032145107374
672	5343	0.030506277014
673	5344	0.029697575036
674	5345	0.029279470612
675	5346	0.029221561412
676	5347	0.029660223602
677	5348	0.031250989326
678	5349	0.031838767706
679	5350	0.031904784194
680	5351	0.03098721292
681	5352	0.031440931502
682	5353	0.033303001828
683	5354	0.03385227059
684	5355	0.033754114496
685	5356	0.032784135396
686	5357	0.032273665798
687	5358	0.031754799366
688	5359	0.031204661966
689	5360	0.030629334064
690	5361	0.029931528204
691	5362	0.02981889481
692	5363	0.030116258552
693	5364	0.030504829284
694	5365	0.031329166746
695	5366	0.03189204417
696	5367	0.032298566754
697	5368	0.033000715804
698	5369	0.032237183002
699	5370	0.028802298804
700	5371	0.02763861343
701	5372	0.02785722066
702	5373	0.030442576894
703	5374	0.03122898383
704	5375	0.031114034068
705	5376	0.031337274034
706	5377	0.031643324156
707	5378	0.032321730434
708	5379	0.032019154864
709	5380	0.030497301088
710	5381	0.029896493138
711	5382	0.029726529636
712	5383	0.029998123784
713	5384	0.03065423502
714	5385	0.032308121772
715	5386	0.033013166282
716	5387	0.033256674468
717	5388	0.032944254334
718	5389	0.032659630616
719	5390	0.031952559284
720	5391	0.031655774634
721	5392	0.03154458897
722	5393	0.03171542111
723	5394	0.031421821466
724	5395	0.030916563696
725	5396	0.030300120262
726	5397	0.028870342114
727	5398	0.028490168216
728	5399	0.02886339301
729	5400	0.030608776298
730	5401	0.031266335264
731	5402	0.031342196316
732	5403	0.031532717584
733	5404	0.031707024276
734	5405	0.032169429238
735	5406	0.031601629532
736	5407	0.029495182382
737	5408	0.028654340798
738	5409	0.028482350474
739	5410	0.029256886024
740	5411	0.029642561296
741	5412	0.030082092124
742	5413	0.030589666262
743	5414	0.031162677796
744	5415	0.031956612928
745	5416	0.03211354686
746	5417	0.031455119256
747	5418	0.031574122662
748	5419	0.032063165856
749	5420	0.033175022496
750	5421	0.033253779008
751	5422	0.032780660844
752	5423	0.032188249728
753	5424	0.030879212262
754	5425	0.030138264048
755	5426	0.029791967032
756	5427	0.0299535337
757	5428	0.03019385688
758	5429	0.031239697032
759	5430	0.031407633712
760	5431	0.03097852654
761	5432	0.029205636382
762	5433	0.029127169416
763	5434	0.030949861486
764	5435	0.031336694942
765	5436	0.03093654237
766	5437	0.028814459736
767	5438	0.02913411852
768	5439	0.031999465736
769	5440	0.03297639394
770	5441	0.033035171778
771	5442	0.031591495422
772	5443	0.03155761854
773	5444	0.032756628526
774	5445	0.032593035036
775	5446	0.031692546976
776	5447	0.029306977482
777	5448	0.029733189194
778	5449	0.033128984682
779	5450	0.033824474174
780	5451	0.03329923773
781	5452	0.030977947448
782	5453	0.030859523134
783	5454	0.03208459226
784	5455	0.032449999312
785	5456	0.03264196831
786	5457	0.032467372072
787	5458	0.031954007014
788	5459	0.030608486752
789	5460	0.030327627132
790	5461	0.030908456408
791	5462	0.031333509936
792	5463	0.031779989868
793	5464	0.032532519922
794	5465	0.032408594234
795	5466	0.031047438488
796	5467	0.03060645993
797	5468	0.03065133956
798	5469	0.031420663282
799	5470	0.03181965767
800	5471	0.032805272254
801	5472	0.032529914008
802	5473	0.031409660534
803	5474	0.028779714216
804	5475	0.028069457878
805	5476	0.028284590556
806	5477	0.02883299068
807	5478	0.029860299888
808	5479	0.031927079236
809	5480	0.0316618551
810	5481	0.028781161946
811	5482	0.028398092588
812	5483	0.029152359918
813	5484	0.031780858506
814	5485	0.03081348532
815	5486	0.02613297423
816	5487	0.025607158694
817	5488	0.028889741696
818	5489	0.03079466483
819	5490	0.032116731866
820	5491	0.032713486172
821	5492	0.033143172436
822	5493	0.03317618068
823	5494	0.032989133964
824	5495	0.032549603136
825	5496	0.031502894346
826	5497	0.031361306352
827	5498	0.031850349546
828	5499	0.032357923684
829	5500	0.03301113946
830	5501	0.034284273222
831	5502	0.033940003028
832	5503	0.03157933449
833	5504	0.030779318892
834	5505	0.030713302404
835	5506	0.031889438256
836	5507	0.031582809042
837	5508	0.029732320556
838	5509	0.029657038596
839	5510	0.030520175222
840	5511	0.032735202122
841	5512	0.033689835284
842	5513	0.034569765578
843	5514	0.034534730512
844	5515	0.033018957202
845	5516	0.03213815827
846	5517	0.031618712746
847	5518	0.031699785626
848	5519	0.03149102296
849	5520	0.030814353958
850	5521	0.030877474986
851	5522	0.031484942494
852	5523	0.033210636654
853	5524	0.03375672041
854	5525	0.033824474174
855	5526	0.033415635222
856	5527	0.032530203554
857	5528	0.030726331974
858	5529	0.02993616094
859	5530	0.02949460329
860	5531	0.029536877006
861	5532	0.030033737942
862	5533	0.031294421226
863	5534	0.03181241902
864	5535	0.03231043814
865	5536	0.032103123204
866	5537	0.031353199064
867	5538	0.029471729156
868	5539	0.029746218764
869	5540	0.032183616992
870	5541	0.032899374704
871	5542	0.032892715146
872	5543	0.031913470574
873	5544	0.031636954144
874	5545	0.031041937114
875	5546	0.031575859938
876	5547	0.034109097892
877	5548	0.035218059072
878	5549	0.035377019826
879	5550	0.034078406016
880	5551	0.033248277634
881	5552	0.032047819918
882	5553	0.031246067044
883	5554	0.030712723312
884	5555	0.030438812796
885	5556	0.0304602392
886	5557	0.031130827736
887	5558	0.031380705934
888	5559	0.031420373736
889	5560	0.031144725944
890	5561	0.031026012084
891	5562	0.031079288548
892	5563	0.030787136634
893	5564	0.030264216558
894	5565	0.029110665294
895	5566	0.029340854364
896	5567	0.030931909634
897	5568	0.031751035268
898	5569	0.032315649968
899	5570	0.032586665024
900	5571	0.032794269506
901	5572	0.033203108458
902	5573	0.03263617739
903	5574	0.03140271143
904	5575	0.028868315292
905	5576	0.02953948292
906	5577	0.033514659954
907	5578	0.034424992578
908	5579	0.032688874762
909	5580	0.032043187182
910	5581	0.031936634254
911	5582	0.032886345134
912	5583	0.032892715146
913	5584	0.032368636886
914	5585	0.031834424516
915	5586	0.031198291954
916	5587	0.03028216841
917	5588	0.029831055742
918	5589	0.02943814182
919	5590	0.02961621261
920	5591	0.030260742006
921	5592	0.031951111554
922	5593	0.032006704386
923	5594	0.030262479282
924	5595	0.029972933282
925	5596	0.03039943454
926	5597	0.031942135628
927	5598	0.03250732942
928	5599	0.032748231692
929	5600	0.032886345134
930	5601	0.03286636646
931	5602	0.032610407796
932	5603	0.032595061858
933	5604	0.032636466936
934	5605	0.032778634022
935	5606	0.03300969173
936	5607	0.033336299618
937	5608	0.033706918498
938	5609	0.034508960918
939	5610	0.034390247058
940	5611	0.032949755708
941	5612	0.032357634138
942	5613	0.032275113528
943	5614	0.033095686892
944	5615	0.033265071302
945	5616	0.033144909712
946	5617	0.03304733271
947	5618	0.03291414155
948	5619	0.032804982708
949	5620	0.03246534525
950	5621	0.031393156412
951	5622	0.031338142672
952	5623	0.031932001518
953	5624	0.03347296533
954	5625	0.034540521432
955	5626	0.036137657168
956	5627	0.036599193492
957	5628	0.03631341159
958	5629	0.034986132726
959	5630	0.03421420309
960	5631	0.032940490236
961	5632	0.032824961382
962	5633	0.033446327098
963	5634	0.035351829324
964	5635	0.035017982786
965	5636	0.0326463115
966	5637	0.032017707134
967	5638	0.032788768132
968	5639	0.03311827148
969	5640	0.033249725364
970	5641	0.03295612572
971	5642	0.03308786915
972	5643	0.033948978954
973	5644	0.034003124056
974	5645	0.033502788568
975	5646	0.031849191362
976	5647	0.031458014716
977	5648	0.031944451996
978	5649	0.032273086706
979	5650	0.032642836948
980	5651	0.03323408988
981	5652	0.03325001491
982	5653	0.032582321834
983	5654	0.032341130016
984	5655	0.032285537184
985	5656	0.032619673268
986	5657	0.032339682286
987	5658	0.030984027914
988	5659	0.031104189504
989	5660	0.032091251818
990	5661	0.034676608052
991	5662	0.034717144492
992	5663	0.032629517832
993	5664	0.031920709224
994	5665	0.031681833774
995	5666	0.031997438914
996	5667	0.032295092202
997	5668	0.033070785936
998	5669	0.03330647638
999	5670	0.03298652805
1000	5671	0.03291848474
1001	5672	0.032987396688
1002	5673	0.033474992152
1003	5674	0.033307634564
1004	5675	0.032348368666
1005	5676	0.031875540048
1006	5677	0.031668514658
1007	5678	0.03189928282
1008	5679	0.031858456834
1009	5680	0.031532138492
1010	5681	0.031610315912
1011	5682	0.031955454744
1012	5683	0.032939042506
1013	5684	0.032875631932
1014	5685	0.03164882553
1015	5686	0.031312083532
1016	5687	0.031407344166
1017	5688	0.032097332284
1018	5689	0.032554235872
1019	5690	0.033094528708
1020	5691	0.033608472858
1021	5692	0.034123575192
1022	5693	0.03465286528
1023	5694	0.035116717972
1024	5695	0.035920497668
1025	5696	0.03577775149
1026	5697	0.035028406442
1027	5698	0.03337451969
1028	5699	0.032979868492
1029	5700	0.033164888386
1030	5701	0.033480493526
1031	5702	0.034809799212
1032	5703	0.035083130636
1033	5704	0.034612039294
1034	5705	0.032797454512
1035	5706	0.031971090228
1036	5707	0.031443537416
1037	5708	0.03118989512
1038	5709	0.031214216984
1039	5710	0.031707024276
1040	5711	0.031863958208
1041	5712	0.031786938972
1042	5713	0.031928526966
1043	5714	0.032195488378
1044	5715	0.032548444952
1045	5716	0.033172127036
1046	5717	0.034708168566
1047	5718	0.034964706322
1048	5719	0.034444102614
1049	5720	0.032488798476
1050	5721	0.032577110006
1051	5722	0.034507513188
1052	5723	0.034998004112
1053	5724	0.034869156142
1054	5725	0.033921182538
1055	5726	0.033398262462
1056	5727	0.0326607888
1057	5728	0.032371532346
1058	5729	0.032351843218
1059	5730	0.032596220042
1060	5731	0.033148963356
1061	5732	0.03448927179
1062	5733	0.03478605644
1063	5734	0.034065955538
1064	5735	0.033710103504
1065	5736	0.033498734924
1066	5737	0.03329489454
1067	5738	0.033644376562
1068	5739	0.035194026754
1069	5740	0.035600549338
1070	5741	0.035303185596
1071	5742	0.033862115154
1072	5743	0.03318341933
1073	5744	0.03266368426
1074	5745	0.032286405822
1075	5746	0.032055058568
1076	5747	0.031849191362
1077	5748	0.03225108121
1078	5749	0.0336452452
1079	5750	0.034201463066
1080	5751	0.034350000164
1081	5752	0.033951874414
1082	5753	0.033772355894
1083	5754	0.033153306546
1084	5755	0.033393919272
1085	5756	0.034161795264
1086	5757	0.03590949492
1087	5758	0.03567061947
1088	5759	0.033796677758
1089	5760	0.03286057554
1090	5761	0.031899861912
1091	5762	0.031603077262
1092	5763	0.031876698232
1093	5764	0.03323119442
1094	5765	0.033744559478
1095	5766	0.03374079538
1096	5767	0.03388122519
1097	5768	0.034055821428
1098	5769	0.034356659722
1099	5770	0.034407330272
1100	5771	0.034494194072
1101	5772	0.034120390186
1102	5773	0.033382337432
1103	5774	0.031645640524
1104	5775	0.031735399784
1105	5776	0.033773224532
1106	5777	0.034595535172
1107	5778	0.03489463619
1108	5779	0.034689927168
1109	5780	0.033885857926
1110	5781	0.031698627442
1111	5782	0.030743125642
1112	5783	0.030389589976
1113	5784	0.030840413098
1114	5785	0.030933936456
1115	5786	0.03091772188
1116	5787	0.031342485862
1117	5788	0.03206432404
1118	5789	0.033341511446
1119	5790	0.03338031061
1120	5791	0.032740124404
1121	5792	0.031786070334
1122	5793	0.028776818756
1123	5794	0.028164718512
1124	5795	0.029306687936
1125	5796	0.034074352372
1126	5797	0.035278863732
1127	5798	0.033353382832
1128	5799	0.03310089872
1129	5800	0.033682017542
1130	5801	0.035799177894
1131	5802	0.03652912336
1132	5803	0.036682293194
1133	5804	0.036563579334
1134	5805	0.036111598028
1135	5806	0.034943569464
1136	5807	0.034813852856
1137	5808	0.03569233542
1138	5809	0.035893280344
1139	5810	0.035795703342
1140	5811	0.03510455704
1141	5812	0.035345169766
1142	5813	0.036506538772
1143	5814	0.036925222288
1144	5815	0.037011796542
1145	5816	0.03666231452
1146	5817	0.036501037398
1147	5818	0.03594424044
1148	5819	0.036229153704
1149	5820	0.037026852934
1150	5821	0.038805534012
1151	5822	0.03808832857
1152	5823	0.03490621803
1153	5824	0.033874276086
1154	5825	0.034675160322
1155	5826	0.034581347418
1156	5827	0.034010362706
1157	5828	0.032293934018
1158	5829	0.032053031746
1159	5830	0.03290979836
1160	5831	0.033689835284
1161	5832	0.03460653792
1162	5833	0.036233207348
1163	5834	0.03612810215
1164	5835	0.033948399862
1165	5836	0.033031118134
1166	5837	0.032681636112
1167	5838	0.033209188924
1168	5839	0.033155043822
1169	5840	0.032745625778
1170	5841	0.03278963677
1171	5842	0.033100030082
1172	5843	0.033732109
1173	5844	0.034388220236
1174	5845	0.035507315526
1175	5846	0.035983039604
1176	5847	0.036094514814
1177	5848	0.035697836794
1178	5849	0.035702179984
1179	5850	0.035844636616
1180	5851	0.03589501762
1181	5852	0.036174139964
1182	5853	0.035992594622
1183	5854	0.035440140854
1184	5855	0.034109097892
1185	5856	0.03351350177
1186	5857	0.033465437134
1187	5858	0.033272020406
1188	5859	0.033045305888
1189	5860	0.032806430438
1190	5861	0.032469398894
1191	5862	0.031515923916
1192	5863	0.03152432075
1193	5864	0.03219461974
1194	5865	0.03404192322
1195	5866	0.034815300586
1196	5867	0.035086894734
1197	5868	0.035312740614
1198	5869	0.035394971678
1199	5870	0.035205608594
1200	5871	0.035366885716
1201	5872	0.03552295101
1202	5873	0.036139973536
1203	5874	0.037107636268
1204	5875	0.038756890284
1205	5876	0.039238984374
1206	5877	0.039548219502
1207	5878	0.03852988622
1208	5879	0.036480769178
1209	5880	0.032807878168
1210	5881	0.03147799339
1211	5882	0.031736268422
1212	5883	0.03111316543
1213	5884	0.029992332864
1214	5885	0.029177839966
1215	5886	0.028558211526
1216	5887	0.028633783032
1217	5888	0.027508896822
1218	5889	0.024464320632
1219	5890	0.023080290752
1220	5891	0.022750208312
1221	5892	0.02405403395
1222	5893	0.024614595006
1223	5894	0.025328615442
1224	5895	0.025725583008
1225	5896	0.025898731516
1226	5897	0.025230169802
1227	5898	0.02649490673
1228	5899	0.029989147858
1229	5900	0.032038554446
1230	5901	0.03345559257
1231	5902	0.034134288394
1232	5903	0.034606248374
1233	5904	0.034275876388
1234	5905	0.034477110858
1235	5906	0.034886239356
1236	5907	0.035683938586
1237	5908	0.03581539247
1238	5909	0.035393234402
1239	5910	0.035307818332
1240	5911	0.035325480638
1241	5912	0.03558954659
1242	5913	0.035080814268
1243	5914	0.033636848366
1244	5915	0.033202818912
1245	5916	0.033690993468
1246	5917	0.033851401952
1247	5918	0.03386819562
1248	5919	0.033750639944
1249	5920	0.033464568496
1250	5921	0.032544680854
1251	5922	0.0323422882
1252	5923	0.032617646446
1253	5924	0.033741953564
1254	5925	0.034158610258
1255	5926	0.034377507034
1256	5927	0.034336681048
1257	5928	0.034048003686
1258	5929	0.033369018316
1259	5930	0.032962495732
1260	5931	0.03232636317
1261	5932	0.032341998654
1262	5933	0.032809036352
1263	5934	0.034109097892
1264	5935	0.034249817248
1265	5936	0.033353093286
1266	5937	0.033260728112
1267	5938	0.033515239046
1268	5939	0.034305989172
1269	5940	0.034474215398
1270	5941	0.034416016652
1271	5942	0.034200883974
1272	5943	0.033809707328
1273	5944	0.0330951078
1274	5945	0.033179365686
1275	5946	0.03423302358
1276	5947	0.034089119218
1277	5948	0.032538889934
1278	5949	0.031863379116
1279	5950	0.031707024276
1280	5951	0.032404830136
1281	5952	0.032634440114
1282	5953	0.032610986888
1283	5954	0.032864629184
1284	5955	0.03329779
1285	5956	0.034083617844
1286	5957	0.034475952674
1287	5958	0.03450519682
1288	5959	0.034793874182
1289	5960	0.035211109968
1290	5961	0.036020101492
1291	5962	0.035965377298
1292	5963	0.035141039836
1293	5964	0.03456744921
1294	5965	0.034006888154
1295	5966	0.03310234645
1296	5967	0.033793203206
1297	5968	0.037100108072
1298	5969	0.037406158194
1299	5970	0.036136498984
1300	5971	0.032353290948
1301	5972	0.032094436824
1302	5973	0.034409067548
1303	5974	0.034943279918
1304	5975	0.03429527597
1305	5976	0.03404192322
1306	5977	0.033974169456
1307	5978	0.034261109542
1308	5979	0.03427066456
1309	5980	0.034081301476
1310	5981	0.033985172204
1311	5982	0.0339347912
1312	5983	0.033888174294
1313	5984	0.034013837258
1314	5985	0.034292090964
1315	5986	0.034628543416
1316	5987	0.035041436012
1317	5988	0.035864904836
1318	5989	0.035624581656
1319	5990	0.034054084152
1320	5991	0.033407527934
1321	5992	0.033195869808
1322	5993	0.033556065032
1323	5994	0.033817235524
1324	5995	0.034567159664
1325	5996	0.034653733918
1326	5997	0.034351447894
1327	5998	0.033395077456
1328	5999	0.033289393166
1329	6000	0.033955348966
1330	6001	0.033876013362
1331	6002	0.033444300276
1332	6003	0.032415543338
1333	6004	0.032458396146
1334	6005	0.033314294122
1335	6006	0.033719658522
1336	6007	0.034084486482
1337	6008	0.034247790426
1338	6009	0.03423302358
1339	6010	0.033841557388
1340	6011	0.033828527818
1341	6012	0.034225205838
1342	6013	0.03431554419
1343	6014	0.034223179016
1344	6015	0.033820999622
1345	6016	0.033632505176
1346	6017	0.033485705354
1347	6018	0.033406948842
1348	6019	0.033391023812
1349	6020	0.033417662044
1350	6021	0.033578360074
1351	6022	0.033827080088
1352	6023	0.034214492636
1353	6024	0.034729305424
1354	6025	0.035553063794
1355	6026	0.03576037873
1356	6027	0.03524933004
1357	6028	0.035371807998
1358	6029	0.035797151072
1359	6030	0.036790293852
1360	6031	0.036784213386
1361	6032	0.036016047848
1362	6033	0.035582597486
1363	6034	0.0351943163
1364	6035	0.03487871116
1365	6036	0.034434837142
1366	6037	0.033629030624
1367	6038	0.033578360074
1368	6039	0.03434884198
1369	6040	0.034897821196
1370	6041	0.035382231654
1371	6042	0.036109860752
1372	6043	0.035881408958
1373	6044	0.034141237498
1374	6045	0.033496997648
1375	6046	0.033479914434
1376	6047	0.034509829556
1377	6048	0.034812694672
1378	6049	0.034777659606
1379	6050	0.034911719404
1380	6051	0.03511034796
1381	6052	0.035430006744
1382	6053	0.035608077534
1383	6054	0.035742716424
1384	6055	0.035797730164
1385	6056	0.035780936496
1386	6057	0.035685386316
1387	6058	0.035550747426
1388	6059	0.035344011582
1389	6060	0.035128010266
1390	6061	0.03488739754
1391	6062	0.034501143176
1392	6063	0.03472090859
1393	6064	0.03571839456
1394	6065	0.035958138648
1395	6066	0.035853322996
1396	6067	0.035288997842
1397	6068	0.035161308056
1398	6069	0.035081682906
1399	6070	0.035243828666
1400	6071	0.035835371144
1401	6072	0.036183694982
1402	6073	0.036395353108
1403	6074	0.036573713444
1404	6075	0.0363090684
1405	6076	0.035440140854
1406	6077	0.034790978722
1407	6078	0.034207253986
1408	6079	0.033477887612
1409	6080	0.033518713598
1410	6081	0.03495978404
1411	6082	0.035020299154
1412	6083	0.034290353688
1413	6084	0.032042318544
1414	6085	0.03178491215
1415	6086	0.032806140892
1416	6087	0.033643507924
1417	6088	0.034640704348
1418	6089	0.036103780286
1419	6090	0.036350183932
1420	6091	0.03527394145
1421	6092	0.035186209012
1422	6093	0.03549689187
1423	6094	0.036509723778
1424	6095	0.036232049164
1425	6096	0.034903612116
1426	6097	0.034239972684
1427	6098	0.03363221563
1428	6099	0.033451828472
1429	6100	0.033648430206
1430	6101	0.034782871434
1431	6102	0.034743782724
1432	6103	0.033216138028
1433	6104	0.032806140892
1434	6105	0.033078893224
1435	6106	0.034449314442
1436	6107	0.035231088642
1437	6108	0.036169217682
1438	6109	0.036606432142
1439	6110	0.036670711354
1440	6111	0.036352789846
1441	6112	0.035692914512
1442	6113	0.0338913593
1443	6114	0.033347591912
1444	6115	0.03353666545
1445	6116	0.034883343896
1446	6117	0.035270756444
1447	6118	0.03532171654
1448	6119	0.035340247484
1449	6120	0.035253383684
1450	6121	0.035078208354
1451	6122	0.03471511767
1452	6123	0.0338479274
1453	6124	0.033664355236
1454	6125	0.033854586958
1455	6126	0.034482322686
1456	6127	0.03510600477
1457	6128	0.036172402688
1458	6129	0.036664341342
1459	6130	0.03694896506
1460	6131	0.036798690686
1461	6132	0.036247105556
1462	6133	0.03479039963
1463	6134	0.034360713366
1464	6135	0.034994819106
1465	6136	0.034967891328
1466	6137	0.034581636964
1467	6138	0.03328476043
1468	6139	0.033369018316
1469	6140	0.034823118328
1470	6141	0.03556638291
1471	6142	0.036017785124
1472	6143	0.036049635184
1473	6144	0.036247105556
1474	6145	0.03664783722
1475	6146	0.03654215293
1476	6147	0.036089592532
1477	6148	0.035004953216
1478	6149	0.034759707754
1479	6150	0.035366017078
1480	6151	0.035145383026
1481	6152	0.034511856378
1482	6153	0.033095976438
1483	6154	0.033119140118
1484	6155	0.034590323344
1485	6156	0.034751890012
1486	6157	0.034337839232
1487	6158	0.03318486706
1488	6159	0.032499511678
1489	6160	0.031731056594
1490	6161	0.031249831142
1491	6162	0.030909325046
1492	6163	0.030823329884
1493	6164	0.030974472896
1494	6165	0.031665619198
1495	6166	0.031709340644
1496	6167	0.03086849906
1497	6168	0.030843019012
1498	6169	0.031322507188
1499	6170	0.032671502002
1500	6171	0.033338615986
1501	6172	0.034168165276
1502	6173	0.03410562334
1503	6174	0.033369597408
1504	6175	0.031227825646
1505	6176	0.03113777684
1506	6177	0.032787320402
1507	6178	0.033558670946
1508	6179	0.034056979612
1509	6180	0.034299908706
1510	6181	0.034191908048
1511	6182	0.03353666545
1512	6183	0.033090475064
1513	6184	0.032662526076
1514	6185	0.03206577177
1515	6186	0.032483876194
1516	6187	0.034291222326
1517	6188	0.03468905853
1518	6189	0.033908152968
1519	6190	0.0333556992
1520	6191	0.03285044143
1521	6192	0.032001782104
1522	6193	0.03225976759
1523	6194	0.03374369084
1524	6195	0.034960073586
1525	6196	0.0361498181
1526	6197	0.038228468834
1527	6198	0.03752950479
1528	6199	0.0326173569
1529	6200	0.030888477734
1530	6201	0.03094088556
1531	6202	0.03418380076
1532	6203	0.034453368086
1533	6204	0.032198383838
1534	6205	0.03204984674
1535	6206	0.03301403492
1536	6207	0.03617732497
1537	6208	0.036250001016
1538	6209	0.033706339406
1539	6210	0.03268540021
1540	6211	0.03220620158
1541	6212	0.032568423626
1542	6213	0.032100227744
1543	6214	0.03092496053
1544	6215	0.030591693084
1545	6216	0.030701720564
1546	6217	0.031415451454
1547	6218	0.031662144646
1548	6219	0.031758273918
1549	6220	0.031969932044
1550	6221	0.032364293696
1551	6222	0.03256234316
1552	6223	0.032616198716
1553	6224	0.03242336108
1554	6225	0.03237413826
1555	6226	0.03240164513
1556	6227	0.032371532346
1557	6228	0.032306674042
1558	6229	0.032221837064
1559	6230	0.032056216752
1560	6231	0.031539087596
1561	6232	0.031519108922
1562	6233	0.031828923142
1563	6234	0.032768210366
1564	6235	0.032992608516
1565	6236	0.032521517174
1566	6237	0.032635598298
1567	6238	0.033051965446
1568	6239	0.034120679732
1569	6240	0.034078695562
1570	6241	0.033110164192
1571	6242	0.032551629958
1572	6243	0.032078511794
1573	6244	0.03154893216
1574	6245	0.031790413524
1575	6246	0.033098871898
1576	6247	0.033472386238
1577	6248	0.033436192988
1578	6249	0.03283017321
1579	6250	0.032794848598
1580	6251	0.033276942688
1581	6252	0.03294599161
1582	6253	0.031368834548
1583	6254	0.03074399428
1584	6255	0.030748047924
1585	6256	0.031838767706
1586	6257	0.032245000744
1587	6258	0.03212802416
1588	6259	0.032527018548
1589	6260	0.033257543106
1590	6261	0.034872630694
1591	6262	0.035054465582
1592	6263	0.033657116586
1593	6264	0.033272020406
1594	6265	0.033371913776
1595	6266	0.034593797896
1596	6267	0.033991831762
1597	6268	0.031092318118
1598	6269	0.030378297682
1599	6270	0.030831726718
1600	6271	0.033199054814
1601	6272	0.033582413718
1602	6273	0.032717539816
1603	6274	0.03258405911
1604	6275	0.032690322492
1605	6276	0.03306904866
1606	6277	0.033519871782
1607	6278	0.034699482186
1608	6279	0.034591481528
1609	6280	0.033735873098
1610	6281	0.031746692078
1611	6282	0.031550090344
1612	6283	0.032476637544
1613	6284	0.032966838922
1614	6285	0.033996174952
1615	6286	0.034103596518
1616	6287	0.033517265868
1617	6288	0.03100892887
1618	6289	0.031424716926
1619	6290	0.03558809886
1620	6291	0.03692580138
1621	6292	0.036651890864
1622	6293	0.033407238388
1623	6294	0.033034013594
1624	6295	0.034216809004
1625	6296	0.035324322454
1626	6297	0.036699086862
1627	6298	0.038219782454
1628	6299	0.040466369868
1629	6300	0.044550705744
1630	6301	0.046366159164
1631	6302	0.046869679658
1632	6303	0.04618403473
1633	6304	0.043642689488
1634	6305	0.037375755864
1635	6306	0.03434449879
1636	6307	0.03278239812
1637	6308	0.033014903558
1638	6309	0.032950624346
1639	6310	0.033893675668
1640	6311	0.033935080746
1641	6312	0.033074260488
1642	6313	0.032705089338
1643	6314	0.032642547402
1644	6315	0.032954967536
1645	6316	0.033388128352
1646	6317	0.034394590248
1647	6318	0.034918378962
1648	6319	0.035132932548
1649	6320	0.034942990372
1650	6321	0.034732779976
1651	6322	0.034005440424
1652	6323	0.033861825608
1653	6324	0.034090566948
1654	6325	0.035125983444
1655	6326	0.035050701484
1656	6327	0.033926683912
1657	6328	0.033443721184
1658	6329	0.033235827156
1659	6330	0.033240749438
1660	6331	0.033765696336
1661	6332	0.03554466696
1662	6333	0.035905730822
1663	6334	0.035487047306
1664	6335	0.033799283672
1665	6336	0.033611368318
1666	6337	0.034520253212
1667	6338	0.03460219473
1668	6339	0.034355501538
1669	6340	0.03347441306
1670	6341	0.034039317306
1671	6342	0.036195855914
1672	6343	0.036701982322
1673	6344	0.035819156568
1674	6345	0.035275968272
1675	6346	0.034827461518
1676	6347	0.034376059304
1677	6348	0.034295565516
1678	6349	0.034927354888
1679	6350	0.034998583204
1680	6351	0.034728726332
1681	6352	0.033670725248
1682	6353	0.033668119334
1683	6354	0.03485265202
1684	6355	0.03514943667
1685	6356	0.034971076334
1686	6357	0.03409838469
1687	6358	0.033527689524
1688	6359	0.032441892024
1689	6360	0.032353580494
1690	6361	0.032925433844
1691	6362	0.034349710618
1692	6363	0.035645718514
1693	6364	0.038101647686
1694	6365	0.038636149602
1695	6366	0.0380029125
1696	6367	0.035678726758
1697	6368	0.034759128662
1698	6369	0.034021365454
1699	6370	0.033872249264
1700	6371	0.03420406898
1701	6372	0.035202134042
1702	6373	0.035522371918
1703	6374	0.035898492172
1704	6375	0.035478940018
1705	6376	0.0333122673
1706	6377	0.03265789334
1707	6378	0.033026485398
1708	6379	0.035892411706
1709	6380	0.035515422814
1710	6381	0.03119279058
1711	6382	0.02982613346
1712	6383	0.03017503639
1713	6384	0.033280127694
1714	6385	0.034742045448
1715	6386	0.036355974852
1716	6387	0.03690842862
1717	6388	0.036648995404
1718	6389	0.035022325976
1719	6390	0.034621594312
1720	6391	0.034882475258
1721	6392	0.034889713908
1722	6393	0.03485265202
1723	6394	0.034814142402
1724	6395	0.034549786904
1725	6396	0.033620054698
1726	6397	0.03372052716
1727	6398	0.0344270194
1728	6399	0.036137657168
1729	6400	0.036376243072
1730	6401	0.035696968156
1731	6402	0.035273362358
1732	6403	0.0347889519
1733	6404	0.03411865291
1734	6405	0.034238235408
1735	6406	0.035266413254
1736	6407	0.035411765346
1737	6408	0.034985264088
1738	6409	0.034548918266
1739	6410	0.034013547712
1740	6411	0.033127536952
1741	6412	0.03289097787
1742	6413	0.033245961266
1743	6414	0.033483388986
1744	6415	0.033735294006
1745	6416	0.034054663244
1746	6417	0.034213044906
1747	6418	0.034176851656
1748	6419	0.034267479554
1749	6420	0.034416306198
1750	6421	0.034877842522
1751	6422	0.034427598492
1752	6423	0.032224442978
1753	6424	0.032221257972
1754	6425	0.033489758998
1755	6426	0.03702279929
1756	6427	0.037357804012
1757	6428	0.035332140196
1758	6429	0.034516489114
1759	6430	0.033998780866
1760	6431	0.03386095697
1761	6432	0.033566488688
1762	6433	0.033099161444
1763	6434	0.033206293464
1764	6435	0.034200594428
1765	6436	0.034691664444
1766	6437	0.034867997958
1767	6438	0.034401539352
1768	6439	0.034526623224
1769	6440	0.035245855488
1770	6441	0.03554466696
1771	6442	0.03559244205
1772	6443	0.03521168906
1773	6444	0.035122798438
1774	6445	0.035257147782
1775	6446	0.035166230338
1776	6447	0.034937488998
1777	6448	0.034450472626
1778	6449	0.034241130868
1779	6450	0.033995885406
1780	6451	0.034141527044
1781	6452	0.034584532424
1782	6453	0.035630662122
1783	6454	0.03575748327
1784	6455	0.035222112716
1785	6456	0.03485409975
1786	6457	0.034454236724
1787	6458	0.033802468678
1788	6459	0.034158031166
1789	6460	0.035820893844
1790	6461	0.036273454242
1791	6462	0.036172402688
1792	6463	0.035223849992
1793	6464	0.035469964092
1794	6465	0.036731516014
1795	6466	0.036953597796
1796	6467	0.03610204301
1797	6468	0.035828132494
1798	6469	0.035892990798
1799	6470	0.03675496924
1800	6471	0.036656234054
1801	6472	0.035304054234
1802	6473	0.035000030934
1803	6474	0.035342563852
1804	6475	0.03711690174
1805	6476	0.037055807534
1806	6477	0.03500466367
1807	6478	0.03443425805
1808	6479	0.034646495268
1809	6480	0.03642922999
1810	6481	0.03617298178
1811	6482	0.033686939824
1812	6483	0.033219323034
1813	6484	0.033813760972
1814	6485	0.03629748656
1815	6486	0.036408672224
1816	6487	0.034701509008
1817	6488	0.034122706554
1818	6489	0.03394637304
1819	6490	0.034291511872
1820	6491	0.034439759424
1821	6492	0.034834989714
1822	6493	0.034835568806
1823	6494	0.03461232884
1824	6495	0.034196251238
1825	6496	0.033353093286
1826	6497	0.031352909518
1827	6498	0.03117831328
1828	6499	0.032727673926
1829	6500	0.033953901236
1830	6501	0.03516970489
1831	6502	0.036679108188
1832	6503	0.037292366616
1833	6504	0.037198264166
1834	6505	0.036879763566
1835	6506	0.036248842832
1836	6507	0.034840491088
1837	6508	0.03463694025
1838	6509	0.035572463376
1839	6510	0.03596740412
1840	6511	0.036171244504
1841	6512	0.036269690144
1842	6513	0.035857955732
1843	6514	0.034517936844
1844	6515	0.033979960376
1845	6516	0.033844163302
1846	6517	0.034111124714
1847	6518	0.034779396882
1848	6519	0.036638861294
1849	6520	0.03708939487
1850	6521	0.036785950662
1851	6522	0.035401052144
1852	6523	0.035003505486
1853	6524	0.03486712932
1854	6525	0.034915483502
1855	6526	0.035163045332
1856	6527	0.035626898024
1857	6528	0.03630472521
1858	6529	0.037578438064
1859	6530	0.038029261186
1860	6531	0.037672250968
1861	6532	0.037602180836
1862	6533	0.03764242773
1863	6534	0.03793197373
1864	6535	0.037913732332
1865	6536	0.037312055744
1866	6537	0.037418319126
1867	6538	0.037987277016
1868	6539	0.03944485158
1869	6540	0.039930420222
1870	6541	0.039329612272
1871	6542	0.039795491786
1872	6543	0.04086652244
1873	6544	0.042288482846
1874	6545	0.045295707602
1875	6546	0.045382860948
1876	6547	0.055530290064
1877	6548	0.072662726884
1878	6549	0.105456706844
1879	6550	0.105524460608
1880	6551	0.07687591073
1881	6552	0.062892865752
1882	6553	0.05241651238
1883	6554	0.045330742668
1884	6555	0.042406617614
1885	6556	0.045008188424
1886	6557	0.047300813652
1887	6558	0.04377501201
1888	6559	0.0536239192
1889	6560	0.074190661126
1890	6561	0.084277285582
1891	6562	0.164202405238
1892	6563	0.40242840356
1893	6564	0.484430436674
1894	6565	0.463497129512
1895	6566	0.27410451182
1896	6567	0.184562700866
1897	6568	0.105194667714
1898	6569	0.055352798366
1899	6570	0.031231589744
1900	6571	0.04480000485
1901	6572	0.04228674557
1902	6573	0.041709680392
1903	6574	0.041437507152
1904	6575	0.04183071062
1905	6576	0.042736410508
1906	6577	0.044923930538
1907	6578	0.048121387016
1908	6579	0.052361209094
1909	6580	0.057635289484
1910	6581	0.057964503286
1911	6582	0.088187604312
1912	6583	0.158679315288
1913	6584	0.192227562578
1914	6585	0.20909853936
1915	6586	0.212596834132
1916	6587	0.179279355004
1917	6588	0.086051913016
1918	6589	0.047465565326
1919	6590	0.046990709886
1920	6591	0.042021231888
1921	6592	0.038833040882
1922	6593	0.038068928988
1923	6594	0.037246328802
1924	6595	0.037812970324
1925	6596	0.037757667038
1926	6597	0.037436270978
1927	6598	0.036459921866
1928	6599	0.03646108005
1929	6600	0.037740004732
1930	6601	0.0378870941
1931	6602	0.037392839078
1932	6603	0.03553598058
1933	6604	0.035649482612
1934	6605	0.037873195892
1935	6606	0.038365713638
1936	6607	0.037999437948
1937	6608	0.036368135784
1938	6609	0.03559099432
1939	6610	0.03466879031
1940	6611	0.034481454048
1941	6612	0.034810378304
1942	6613	0.036042106988
1943	6614	0.035814523832
1944	6615	0.033931027102
1945	6616	0.033995016768
1946	6617	0.035042594196
1947	6618	0.037589440812
1948	6619	0.037722631972
1949	6620	0.036038053344
1950	6621	0.035718684106
1951	6622	0.036572844806
1952	6623	0.036624094448
1953	6624	0.03618022043
1954	6625	0.034549786904
1955	6626	0.034461475374
1956	6627	0.036024734228
1957	6628	0.036556340684
1958	6629	0.036551418402
1959	6630	0.03554321923
1960	6631	0.035539165586
1961	6632	0.036475267804
1962	6633	0.036626989908
1963	6634	0.036356264398
1964	6635	0.03520155495
1965	6636	0.03536370071
1966	6637	0.03698226285
1967	6638	0.037310028922
1968	6639	0.03698660604
1969	6640	0.035612131178
1970	6641	0.035357330698
1971	6642	0.035818577476
1972	6643	0.035827263856
1973	6644	0.035679884942
1974	6645	0.035270466898
1975	6646	0.035280601008
1976	6647	0.035564066542
1977	6648	0.035765011466
1978	6649	0.036269400598
1979	6650	0.03630327748
1980	6651	0.035969720488
1981	6652	0.034806614206
1982	6653	0.034540231886
1983	6654	0.034905928484
1984	6655	0.035244118212
1985	6656	0.035662801728
1986	6657	0.036243051912
1987	6658	0.036658550422
1988	6659	0.037319294394
1989	6660	0.037325085314
1990	6661	0.036848782144
1991	6662	0.035454039062
1992	6663	0.035064889238
1993	6664	0.035456644976
1994	6665	0.035427111284
1995	6666	0.035236590016
1996	6667	0.034730463608
1997	6668	0.034671106678
1998	6669	0.03474986319
1999	6670	0.035131195272
2000	6671	0.035775724668
2001	6672	0.037170178204
2002	6673	0.036562710696
2003	6674	0.033275784504
2004	6675	0.032844940056
2005	6676	0.03383634556
2006	6677	0.036882079934
2007	6678	0.03768006871
2008	6679	0.037631714528
2009	6680	0.037371991766
2010	6681	0.036076562962
2011	6682	0.0354983396
2012	6683	0.035388891212
2013	6684	0.036108992114
2014	6685	0.036284167444
2015	6686	0.036444286382
2016	6687	0.036237260992
2017	6688	0.035723606388
2018	6689	0.034506065458
2019	6690	0.0342243372
2020	6691	0.034738570896
2021	6692	0.034960942224
2022	6693	0.035107742046
2023	6694	0.035125114806
2024	6695	0.035256858236
2025	6696	0.035515133268
2026	6697	0.03561850119
2027	6698	0.035629793484
2028	6699	0.035481835478
2029	6700	0.035517739182
2030	6701	0.035898202626
2031	6702	0.035724764572
2032	6703	0.03521747998
2033	6704	0.0339058366
2034	6705	0.03457324013
2035	6706	0.037628819068
2036	6707	0.038291879408
2037	6708	0.037825710348
2038	6709	0.035648034882
2039	6710	0.035974932316
2040	6711	0.037601312198
2041	6712	0.039222190706
2042	6713	0.036180509976
2043	6714	0.042224203634
2044	6715	0.0552888087
2045	6716	0.08172001531
2046	6717	0.096822155578
2047	6718	0.116256193552
2048	6719	0.11644961028
2049	6720	0.101638174196
2050	6721	0.059021346186
2051	6722	0.042698479982
2052	6723	0.041092078774
2053	6724	0.037886804554
2054	6725	0.0364393641
2055	6726	0.037072890748
2056	6727	0.038279139384
2057	6728	0.036386956274
2058	6729	0.044395798634
2059	6730	0.059329133584
2060	6731	0.08741104194
2061	6732	0.095741569906
2062	6733	0.094797939492
2063	6734	0.087510066672
2064	6735	0.073145689612
2065	6736	0.047310947762
2066	6737	0.037299894812
2067	6738	0.03617153405
2068	6739	0.033888174294
2069	6740	0.033153017
2070	6741	0.034327705122
2071	6742	0.03459929927
2072	6743	0.035273362358
2073	6744	0.03542740083
2074	6745	0.035083420182
2075	6746	0.034912588042
2076	6747	0.034808061936
2077	6748	0.03439372161
2078	6749	0.035166519884
2079	6750	0.038327783112
2080	6751	0.039102318662
2081	6752	0.038383086398
2082	6753	0.0348758157
2083	6754	0.034191328956
2084	6755	0.035217190434
2085	6756	0.035902835362
2086	6757	0.036683451378
2087	6758	0.037879565904
2088	6759	0.03794789876
2089	6760	0.036764234712
2090	6761	0.036351921208
2091	6762	0.036236392354
2092	6763	0.036499010576
2093	6764	0.036688663206
2094	6765	0.03733261351
2095	6766	0.037203186448
2096	6767	0.036613960338
2097	6768	0.035295078308
2098	6769	0.035017114148
2099	6770	0.035458092706
2100	6771	0.03547951911
2101	6772	0.034941832188
2102	6773	0.035059098318
2103	6774	0.035666855372
2104	6775	0.037287444334
2105	6776	0.03795658514
2106	6777	0.038246710232
2107	6778	0.038159556886
2108	6779	0.037694256464
2109	6780	0.036619172166
2110	6781	0.035876776222
2111	6782	0.034852072928
2112	6783	0.034493325434
2113	6784	0.034616382484
2114	6785	0.035586940676
2115	6786	0.035778909674
2116	6787	0.035408290794
2117	6788	0.035423636732
2118	6789	0.035616763914
2119	6790	0.036012573296
2120	6791	0.036488876466
2121	6792	0.037564539856
2122	6793	0.037709602402
2123	6794	0.037292656162
2124	6795	0.036009098744
2125	6796	0.035608077534
2126	6797	0.035715788646
2127	6798	0.03550557825
2128	6799	0.035193158116
2129	6800	0.03468905853
2130	6801	0.034614934754
2131	6802	0.035003505486
2132	6803	0.034916062594
2133	6804	0.034184090306
2134	6805	0.033977933554
2135	6806	0.034127918382
2136	6807	0.03495544085
2137	6808	0.035228772274
2138	6809	0.03518418219
2139	6810	0.035186209012
2140	6811	0.035171442166
2141	6812	0.034965864506
2142	6813	0.03529131421
2143	6814	0.036543890206
2144	6815	0.036887870854
2145	6816	0.036692427304
2146	6817	0.035488495036
2147	6818	0.03542450537
2148	6819	0.036412436322
2149	6820	0.036546785666
2150	6821	0.036256660574
2151	6822	0.035284654652
2152	6823	0.034956019942
2153	6824	0.03469774491
2154	6825	0.034894346644
2155	6826	0.035450854056
2156	6827	0.036728331008
2157	6828	0.036559236144
2158	6829	0.034934303992
2159	6830	0.034544575076
2160	6831	0.03467458123
2161	6832	0.035411186254
2162	6833	0.03611362485
2163	6834	0.037265728384
2164	6835	0.037973089262
2165	6836	0.038847518182
2166	6837	0.038907454204
2167	6838	0.038302882156
2168	6839	0.036663472704
2169	6840	0.035441009492
2170	6841	0.033772934986
2171	6842	0.032877369208
2172	6843	0.03253338856
2173	6844	0.032761840354
2174	6845	0.033471228054
2175	6846	0.03524788231
2176	6847	0.03642633453
2177	6848	0.03735288173
2178	6849	0.038101937232
2179	6850	0.038321992192
2180	6851	0.03794934649
2181	6852	0.03754832528
2182	6853	0.036988632862
2183	6854	0.036104648924
2184	6855	0.03578354241
2185	6856	0.035961034108
2186	6857	0.035835081598
2187	6858	0.03560836708
2188	6859	0.035161597602
2189	6860	0.035244697304
2190	6861	0.03572129002
2191	6862	0.036120573954
2192	6863	0.036972418286
2193	6864	0.037203186448
2194	6865	0.036952150066
2195	6866	0.035705654536
2196	6867	0.035371518452
2197	6868	0.035540613316
2198	6869	0.035819446114
2199	6870	0.036271137874
2200	6871	0.037175100486
2201	6872	0.037413975936
2202	6873	0.037054070258
2203	6874	0.036890476768
2204	6875	0.036772631546
2205	6876	0.036747151498
2206	6877	0.036610485786
2207	6878	0.036371899882
2208	6879	0.03620048865
2209	6880	0.036060348386
2210	6881	0.035912969472
2211	6882	0.03594424044
2212	6883	0.036078589784
2213	6884	0.03635684349
2214	6885	0.036769736086
2215	6886	0.037539349354
2216	6887	0.037425847322
2217	6888	0.036461369596
2218	6889	0.035994042352
2219	6890	0.035676989482
2220	6891	0.035514843722
2221	6892	0.035476334104
2222	6893	0.035766748742
2223	6894	0.035697547248
2224	6895	0.034877552976
2225	6896	0.034873209786
2226	6897	0.03546793727
2227	6898	0.03727325658
2228	6899	0.037971641532
2229	6900	0.037938054196
