Name1                RA          DEC       z       Morp     R50   IC     L_K     L_Age   O3Hb    N2Hb   Act  L_Ha  Sigma L5100  Bulge   MB       O/H     BMAG    
J105809.84-004628.8  164.54102  -00.77468  0.0215  LateS    6.5   2.18   10.43    8.79  -0.364  -0.351  SFG  6.19    87  42.13   9.04   10.55   +0.26   -18.46   
J113903.33-001221.6  174.76388  -00.20600  0.0181  EarlyS   8.6   3.06   10.77    9.82   0.228   0.060  AGN  6.05   144  42.56   9.40   10.55   -0.15   -18.06   
J135807.05-002332.9  209.52940  -00.39248  0.0296  LateS    9.8   2.11   10.80    8.61  -0.604  -0.521  SFG  7.03    86  42.76   9.17   11.04   +0.43   -19.68   
J142223.76-002315.5  215.59903  -00.38766  0.0055  LateS    4.6   1.90   10.01    7.81  -0.437  -0.494  SFG  5.50    81  41.16   8.39    9.91   +0.31   -17.11   
J150654.85+001110.8  226.72857  +00.18634  0.0351  EarlyS  12.1   2.72   11.19    9.60   0.253   0.055  AGN  6.67   202  43.11   9.99   11.12   -0.16   -19.52   
J113423.32-023145.5  173.59719  -02.52933  0.0395  EarlyS  13.9   2.09   11.06    9.79   0.363   0.238  AGN  6.23   136  43.00   9.69   11.22   -0.24   -19.75   
J115425.04-021910.3  178.60434  -02.31955  0.0080  LateS    4.5   2.12    9.78    8.05  -0.275  -0.453  SFG  5.36    78  41.29   8.52    9.61   +0.20   -16.35   
J122353.98-032634.4  185.97495  -03.44292  0.0068  EarlyS   5.5   2.79   10.58    8.92  -0.218  -0.148  TO   5.39   113  41.64   8.77   10.28   +0.16   -17.40   
J124428.12-030018.8  191.11718  -03.00525  0.0239  LateS    8.6   2.65   10.61    9.17  -0.193  -0.300  TO   6.28   115  42.69   9.33   10.81   +0.14   -19.10   
J170128.21+634128.0  255.36758  +63.69112  0.0163  LateS    5.5   1.76   10.42    7.89  -0.671  -0.375  SFG  7.20    99  42.52   9.03   10.63   +0.47   -18.65   
J172613.73+620858.1  261.55724  +62.14949  0.0279  EarlyS   9.8   2.57   10.94    9.71   0.291  -0.024  AGN  6.10   155  42.79   9.65   10.85   -0.19   -18.85   
J173044.85+562107.1  262.68690  +56.35197  0.0303  EarlyS   8.3   2.98   11.05    9.70   0.519   0.083  AGN  6.43   191  43.17   9.88   11.01   -0.35   -19.25   
J214907.29+002650.3  327.28040  +00.44733  0.0158  LateS    7.3   2.03   10.13    8.66  -0.718  -0.482  SFG  6.39    77  42.06   8.80   10.48   +0.51   -18.28   
J224424.36-000943.5  341.10153  -00.16210  0.0162  EarlyS   8.1   3.11   11.09    9.10  -0.339  -0.134  TO   6.37   149  42.90   9.39   11.10   +0.24   -19.44   
J235106.25+010324.1  357.77605  +01.05670  0.0270  LateS   12.8   2.06   11.04    8.88  -0.685  -0.429  SFG  7.28   129  42.65   9.48   10.24   +0.48   -17.67   
J020540.31-004141.4  031.41798  -00.69486  0.0424  EarlyS  19.0   3.00   11.10   10.04  -0.295  -0.201  TO   7.05   172  42.92   9.93   11.07   +0.21   -19.37   
J021859.64+001948.0  034.74854  +00.33001  0.0298  LateS    6.3   2.12   10.82    8.74  -0.622  -0.491  SFG  7.03   102  42.58   9.33   10.64   +0.44   -18.69   
J025154.58+003953.3  042.97746  +00.66482  0.0293  EarlyS  10.9   2.56   10.83    9.04  -0.408  -0.398  SFG  6.65   125  42.65   9.49   10.95   +0.29   -19.06   
J031347.83+004139.7  048.44930  +00.69437  0.0212  EarlyS   6.7   2.96   10.77    9.24  -0.133  -0.198  TO   6.39   124  42.92   9.34   11.02   +0.10   -19.27   
J032406.50-010328.2  051.02712  -01.05785  0.0252  EarlyS   8.2   2.82   10.63    9.54  -0.031  -0.203  TO   6.14   126  42.65   9.43   10.72   +0.03   -18.49   
J003823.71+150222.4  009.59883  +15.03956  0.0179  EarlyS   8.1   3.58   10.55    8.17  -0.532  -0.340  SFG  7.19   116  42.74   9.21   10.80   +0.38   -18.69   
J004332.39+142033.2  010.88497  +14.34257  0.0149  LateS    9.0   1.91   11.01    8.53  -0.550  -0.387  SFG  6.72    86  42.43   8.87   10.94   +0.39   -19.43   
J012853.25+134737.6  022.22189  +13.79380  0.0212  LateS    8.6   2.44   10.60    9.35  -0.016  -0.154  TO   5.97    96  42.31   9.12   10.75   +0.02   -18.95   
J020824.97+142058.4  032.10408  +14.34956  0.0148  EarlyS   6.3   2.33   10.92    8.74  -0.462  -0.355  SFG  6.60   122  42.62   9.17   10.98   +0.33   -19.15   
J073836.50+373800.6  114.65212  +37.63351  0.0130  LateS    6.3   2.16   10.14    8.88  -0.593  -0.438  SFG  6.04    88  41.82   8.84   10.49   +0.42   -18.31   
J082959.96+524149.8  127.49987  +52.69719  0.0141  EarlyS   5.2   1.90   10.49    8.37  -0.890  -0.416  SFG  7.08    98  42.35   8.96   10.66   +0.62   -18.35   
J025017.75-083548.5  042.57398  -08.59682  0.0178  EarlyS   8.5   2.83   10.80    9.87   0.300   0.210  AGN  5.62   139  42.02   9.37   10.45   -0.20   -17.84   
J030848.32-070226.1  047.20135  -07.04061  0.0289  LateS   14.0   2.58   11.02    9.17  -0.398  -0.276  TO   6.78   126  42.77   9.49   10.98   +0.28   -19.53   
J032501.68-054444.8  051.25702  -05.74580  0.0189  EarlyS  14.9   2.70   11.36   10.04   0.097   0.056  AGN  5.92   174  42.78   9.59   10.61   -0.06   -18.25   
J033358.81-070826.6  053.49505  -07.14073  0.0341  EarlyS  18.0   2.94   11.09    9.04  -0.134  -0.250  TO   6.56   142  42.70   9.67   10.85   +0.10   -18.82   
J034626.96-063152.5  056.61237  -06.53126  0.0281  LateS   11.2   2.29   10.83    8.70  -0.295  -0.430  SFG  6.69    97  42.67   9.26   11.06   +0.21   -19.73     
J091650.03+003421.7  139.20847  +00.57271  0.0284  EarlyS   7.3   2.66   10.64    9.19  -0.336  -0.366  SFG  6.52   106  42.59   9.34   10.66   +0.24   -18.34   
J092238.17+605155.6  140.65906  +60.86545  0.0259  LateS    9.3   2.05   10.65    9.50   0.276  -0.223  TO   5.90    92  42.48   9.17   10.92   -0.18   -19.39   
J095056.24+621108.5  147.73434  +62.18571  0.0246  EarlyS   9.8   2.58   10.79    9.43  -0.172  -0.180  TO   6.24   126  42.65   9.42   10.98   +0.13   -19.15   
J114439.05+675720.9  176.16273  +67.95583  0.0090  EarlyS   2.8   2.61   10.21    8.66  -0.630  -0.310  SFG  6.60   104  41.90   8.82   10.09   +0.44   -16.94   
J142757.71+625609.3  216.99046  +62.93592  0.0363  EarlyS   9.8   1.96   10.81    9.30   0.328   0.079  AGN  6.09   101  42.80   9.40   11.11   -0.22   -19.46      
J114743.68+014934.3  176.93204  +01.82622  0.0285  EarlyS  12.0   2.31   10.87    9.49   0.977   0.055  AGN  6.53   154  42.77   9.66   10.97   -0.66   -19.12      
J133548.24+025956.1  203.95103  +02.99893  0.0218  EarlyS  10.1   2.37   11.02    8.68   0.535   0.080  AGN  7.19   152  42.90   9.53   11.04   -0.36   -19.28   
J092335.85+533606.9  140.89940  +53.60192  0.0255  EarlyS   6.6   3.07   10.94    9.32   0.605   0.298  AGN  6.59   172  42.99   9.71   10.81   -0.41   -18.76   
J093011.75+555108.7  142.54898  +55.85242  0.0252  LateS    8.4   3.63   10.92    8.75  -0.682  -0.309  SFG  7.59   123  43.16   9.41   10.96   +0.48   -19.47   
J102509.88+580859.9  156.29120  +58.15000  0.0072  LateS    2.7   1.75    9.68    8.74  -0.448  -0.478  SFG  5.53    81  41.43   8.50    9.86   +0.32   -16.98   
J102824.15+594550.9  157.10065  +59.76416  0.0310  EarlyS   9.0   2.51   10.81    9.24  -0.214  -0.144  TO   6.45   128  42.85   9.54   10.86   +0.16   -18.87   
J103111.52+605605.3  157.79801  +60.93483  0.0311  EarlyS   7.9   2.49   10.69    9.25   0.455  -0.075  AGN  6.38   118  42.63   9.47   10.83   -0.30   -18.76   
J105225.08+594107.9  163.10452  +59.68554  0.0278  LateS    8.3   2.29   10.80    8.84  -0.583  -0.425  SFG  6.72   109  42.75   9.35   11.04   +0.41   -19.69   
J093141.63+043000.1  142.92349  +04.50003  0.0181  Early    6.8   3.29   10.90    9.72   0.449   0.290  AGN  6.11   173  43.10   9.56   11.07   -0.30   -18.87   
J095145.09+031620.6  147.93789  +03.27239  0.0346  EarlyS   8.6   2.46   10.88    9.06   0.256  -0.235  TO   6.90   133  42.93   9.62   11.10   -0.17   -19.43   
J100616.91+034939.9  151.57049  +03.82775  0.0227  EarlyS   8.3   2.38   10.79    9.59   0.399   0.154  AGN  5.97   168  42.84   9.64   10.88   -0.27   -18.90   
J100453.90+050345.4  151.22461  +05.06264  0.0132  Early    6.4   3.42   10.56    9.93   0.027  -0.134  TO   5.48   230  42.66   9.68   10.72   -0.01   -17.99   
J102453.07+035047.7  156.22115  +03.84660  0.0230  LateS    7.7   2.13   10.44    8.58  -0.003  -0.223  TO   5.80    90  42.30   9.10   10.62   +0.01   -18.62      
J143933.10+620010.5  219.88794  +62.00292  0.0223  EarlyS   9.1   2.21   10.78    9.03  -0.167  -0.072  TO   6.83   137  42.78   9.45   10.93   +0.13   -19.02   
J163446.00+451927.5  248.69170  +45.32432  0.0248  LateS    9.1   1.93   10.55    9.37  -0.445  -0.260  TO   6.08    84  42.15   9.07   10.69   +0.32   -18.80   
J165031.26+414837.2  252.63027  +41.81035  0.0288  EarlyS  10.0   2.55   10.76    9.02  -0.185  -0.247  TO   6.44   123  42.47   9.47   10.65   +0.14   -18.32   
J165850.68+400716.1  254.71120  +40.12116  0.0289  Early   10.3   3.27   11.11    9.80   0.715   0.201  AGN  6.54   209  43.24   9.93   11.26   -0.48   -19.33   
J203623.47-043707.4  309.09781  -04.61874  0.0208  EarlyS  12.4   2.12   11.15    9.35  -0.411  -0.360  SFG  6.67   165  42.84   9.58   11.06   +0.29   -19.33      
J234152.63-083853.4  355.46932  -08.64819  0.0340  EarlyS  17.3   2.96   11.34    9.71   0.803   0.222  AGN  7.17   174  43.04   9.84   11.20   -0.54   -19.73   
J002151.15-092932.1  005.46314  -09.49225  0.0209  EarlyS   7.6   2.72   10.59    9.15  -0.658  -0.356  SFG  7.25   123  42.52   9.33   10.62   +0.46   -18.23   
J225239.26-091604.0  343.16360  -09.26779  0.0149  EarlyS   5.4   3.13   10.73    9.60   0.568  -0.092  AGN  6.21   121  42.54   9.17   10.29   -0.38   -17.42   
J230658.16-091710.1  346.74237  -09.28615  0.0238  EarlyS   9.0   3.00   11.08   10.02   0.248   0.163  AGN  5.93   210  43.12   9.85   10.91   -0.16   -19.00   
J212148.84+103921.8  320.45350  +10.65607  0.0168  Early    6.2   3.13   10.55   10.00   0.451   0.192  AGN  5.65   168  42.67   9.50   10.77   -0.30   -18.11   
J214020.88+122117.2  325.08700  +12.35481  0.0195  EarlyS   6.1   2.65   10.56    9.24  -0.426  -0.357  SFG  6.63   124  42.22   9.31   10.60   +0.30   -18.18   
J215038.41+131717.4  327.66006  +13.28817  0.0202  EarlyS   6.4   3.33   11.00    9.70   0.281   0.266  AGN  6.25   167  42.99   9.58   10.90   -0.18   -18.98   
J215652.70+121857.9  329.21962  +12.31611  0.0302  EarlyS  10.2   2.06   10.67    9.05  -0.764  -0.433  SFG  6.86   112  42.73   9.41   10.92   +0.54   -18.99   
J232923.57+141215.4  352.34821  +14.20429  0.0416  LateS   13.7   1.77   11.02    9.48  -0.114  -0.241  TO   6.41   106  42.77   9.50   11.21   +0.09   -20.11   
J081422.02+391504.8  123.59176  +39.25135  0.0277  EarlyS  12.1   2.70   10.65    8.94  -0.656  -0.324  SFG  7.39   114  42.81   9.39   10.99   +0.46   -19.16   
J082922.49+432131.2  127.34372  +43.35867  0.0312  EarlyS   8.9   2.49   10.87    8.85  -0.469  -0.303  SFG  7.03   124  42.61   9.51   10.84   +0.33   -18.79   
J083909.27+450747.7  129.78866  +45.12994  0.0380  EarlyS  14.9   2.10   10.95    8.98  -0.610  -0.385  SFG  6.84   112  42.80   9.51   11.16   +0.43   -19.58   
J090058.50+474743.3  135.24377  +47.79537  0.0105  EarlyS   3.8   3.04   10.03    9.35   0.401  -0.120  AGN  5.51    98  41.95   8.83   10.02   -0.27   -16.73   
J092102.64+493608.2  140.26101  +49.60229  0.0275  EarlyS  12.8   2.73   11.06    9.85  -0.383  -0.291  TO   6.93   156  42.71   9.65   11.12   +0.27   -19.48   
J104636.85+631327.2  161.65356  +63.22424  0.0035  LateS    3.8   2.00    9.96    7.95  -0.193  -0.485  SFG  4.76    81  40.99   8.19    9.63   +0.14   -16.4    
J152546.70+522641.0  231.44459  +52.44474  0.0195  EarlyS  12.0   2.59   10.79    8.95  -0.024  -0.261  TO   5.77   139  42.03   9.40   10.52   +0.03   -17.99     
J084505.72+403334.1  131.27385  +40.55950  0.0291  EarlyS   8.2   2.41   10.76    9.07  -0.602  -0.450  SFG  6.85   101  42.69   9.30   11.04   +0.43   -19.28   
J085741.79+430738.9  134.42415  +43.12747  0.0308  EarlyS  10.3   2.66   11.03    9.00  -0.071  -0.227  TO   7.08   149  43.04   9.67   11.31   +0.06   -19.97   
J091214.52+445717.4  138.06051  +44.95485  0.0088  LateS    6.9   2.22   10.65    8.94  -0.247  -0.326  TO   6.00    92  42.07   8.70   10.56   +0.18   -18.48   
J092110.80+455316.1  140.29503  +45.88782  0.0064  LateS    0.3   2.21    9.41    8.46  -0.432  -0.378  SFG  5.25    79  41.20   8.43    8.25   +0.31   -12.95   
J093923.05+470736.5  144.84607  +47.12683  0.0273  EarlyS   8.6   2.92   10.97    9.28  -0.190  -0.135  TO   6.67   159  42.83   9.67   10.86   +0.14   -18.85   
J094058.13+473713.6  145.24225  +47.62045  0.0161  LateS    8.4   2.52   10.53    8.80  -0.515  -0.433  SFG  6.60   105  42.08   9.08   10.60   +0.37   -18.57   
J124957.87+051841.0  192.49113  +05.31141  0.0022  LateS    1.7   1.92    9.20    8.48  -0.046  -0.321  TO   4.27    72  40.60   7.88    9.64   +0.04   -16.42   
J125112.88+045132.5  192.80371  +04.85905  0.0251  EarlyS   9.3   2.33   11.08    9.23   0.077   0.077  AGN  6.63   129  43.00   9.45   11.32   -0.04   -19.98   
J133439.26+040747.8  203.66359  +04.12996  0.0229  LateS    9.3   2.11   10.62    8.21  -0.825  -0.345  SFG  7.59   109  42.68   9.27   10.85   +0.58   -19.2    
J133229.74+033543.8  203.12393  +03.59551  0.0349  EarlyS  10.7   2.50   10.78    9.41  -0.804  -0.363  SFG  7.32   149  42.73   9.72   10.53   +0.56   -18.02   
J084225.76+371315.7  130.60736  +37.22104  0.0129  EarlyS   5.0   3.11   10.77    9.27   0.183   0.187  AGN  6.41   164  42.62   9.37   10.61   -0.12   -18.25   
J100323.33+482157.0  150.84721  +48.36585  0.0247  EarlyS   8.0   2.63   10.81    9.71   0.354   0.208  AGN  6.32   155  42.89   9.61   10.92   -0.23   -19.02   
J120709.23+534017.2  181.78848  +53.67146  0.0590  EarlyS  21.9   2.71   11.37    9.94   0.363   0.316  AGN  6.92   217  43.48  10.27   11.46   -0.24   -20.37   
J121131.38+515148.5  182.88078  +51.86348  0.0295  LateS    9.8   2.30   10.63    8.87  -0.566  -0.435  SFG  6.66    98  42.54   9.28   10.79   +0.40   -19.06   
J080707.17+361400.4  121.77991  +36.23347  0.0323  EarlyS   8.8   2.80   11.17    9.16   0.911  -0.097  AGN  7.33   150  43.11   9.69   11.32   -0.62   -19.98   
J082519.66+391855.5  126.33192  +39.31544  0.0566  EarlyS  17.9   3.27   11.31    8.77  -0.434  -0.332  SFG  7.45   195  43.46  10.16   11.46   +0.31   -20.33   
J091455.67+465411.0  138.73197  +46.90308  0.0141  EarlyS   6.6   2.44   10.62    9.37  -0.391  -0.281  TO   6.39   107  42.10   9.04   10.75   +0.28   -18.57   
J095749.08+514916.2  149.45452  +51.82119  0.0249  LateS    6.9   1.97   10.63    8.81  -0.400  -0.260  TO   6.53    89  42.48   9.12   10.73   +0.29   -18.90   
J101715.98+532742.8  154.31662  +53.46190  0.0455  EarlyS  19.8   1.96   11.18    9.69   0.055   0.210  AGN  6.22   169  43.14   9.94   11.12   -0.03   -19.49   
J104438.23+562210.7  161.15930  +56.36967  0.0240  EarlyS   9.0   2.21   10.87    9.03  -0.482  -0.222  TO   7.28   151  42.66   9.57   10.87   +0.34   -18.86   
J142711.81-021544.6  216.79922  -02.26241  0.0238  LateS   13.3   1.94   10.87    9.59   0.283   0.020  AGN  5.93   120  42.66   9.36   10.84   -0.19   -19.18   
J145207.95-023147.0  223.03313  -02.52975  0.0065  LateS    3.5   2.01   10.19    8.29  -0.562  -0.413  SFG  6.11    92  41.85   8.57   10.16   +0.40   -17.72   
J145804.80-014712.7  224.52000  -01.78688  0.0410  EarlyS  10.4   3.13   10.94    9.23   0.117   0.105  AGN  6.46   146  43.17   9.77   10.94   -0.07   -19.05   
J074330.37+225549.8  115.87658  +22.93053  0.0242  EarlyS   9.9   2.45   10.69    8.72  -0.545  -0.357  SFG  7.17   104  42.33   9.25   10.68   +0.39   -18.38   
J084408.27+344302.0  131.03446  +34.71724  0.0141  LateS    9.2   1.87   10.67    9.54   0.081  -0.150  TO   5.21    90  41.99   8.88   10.68   -0.05   -18.79   
J101954.92+453259.1  154.97885  +45.54976  0.0023  LateS    0.9   1.95   10.01    9.04  -0.631  -0.362  SFG  5.11    89  40.59   8.09    8.72   +0.45   -13.88   
J102240.72+461419.2  155.66969  +46.23868  0.0169  LateS   11.1   2.03   10.39    9.32  -0.267  -0.221  TO   5.45    84  41.88   8.91   10.11   +0.19   -17.36     
J125244.49+591556.2  193.18538  +59.26562  0.0430  EarlyS  12.8   2.15   11.04    9.39  -0.626  -0.340  SFG  7.06   173  43.08   9.94   11.10   +0.44   -19.47     
J205222.37+000432.6  313.09324  +00.07573  0.0303  EarlyS  11.5   2.16   11.15    9.08  -0.638  -0.392  SFG  6.87   128  42.94   9.52   11.26   +0.45   -19.83   
J092217.59+044230.0  140.57331  +04.70833  0.0280  EarlyS   9.9   2.30   10.77    9.45   0.484   0.173  AGN  6.53   127  42.69   9.49   10.98   -0.32   -19.13   
J093438.63+055029.1  143.66100  +05.84144  0.0184  LateS    7.7   2.05   10.58    8.85  -0.535  -0.188  TO   6.76   115  42.32   9.22   10.19   +0.38   -17.55      
J105231.11+071329.6  163.12964  +07.22490  0.0218  EarlyS   6.5   2.19   10.83    8.44  -0.684  -0.452  SFG  6.99   103  42.68   9.20   11.14   +0.48   -19.54   
J104454.42+512930.0  161.22675  +51.49167  0.0252  LateS    7.2   2.23   10.54    8.90  -0.866  -0.490  SFG  6.56    89  42.43   9.13   10.66   +0.61   -18.73     
J123600.11+541315.4  189.00047  +54.22097  0.0179  EarlyS   7.6   2.40   10.85    9.57   0.547   0.143  AGN  5.95   185  42.91   9.62   10.90   -0.37   -18.95   
J125116.51+534146.6  192.81883  +53.69629  0.0162  EarlyS   5.9   2.75   10.80    9.70   0.188   0.251  AGN  5.29   157  42.83   9.43   10.74   -0.12   -18.58   
J131446.03+534913.2  198.69181  +53.82036  0.0157  EarlyS   4.4   3.21   10.67    9.76   0.317   0.263  AGN  5.95   182  42.83   9.55   10.60   -0.21   -18.23   
J132745.69+544756.9  201.94040  +54.79915  0.0331  EarlyS  15.8   3.00   11.27    9.66   0.639   0.301  AGN  6.54   221  43.13  10.04   11.16   -0.43   -19.62   
J144331.70+481158.3  220.88208  +48.19954  0.0370  EarlyS   8.7   2.33   10.87    9.51   0.044  -0.202  TO   6.46   139  42.81   9.69   11.01   -0.02   -19.25   
J153626.77+475117.3  234.11157  +47.85481  0.0262  EarlyS   8.7   2.52   10.61    9.36  -0.354  -0.277  TO   6.29   113  42.70   9.36   10.94   +0.25   -19.04   
J085850.46+061734.7  134.71029  +06.29299  0.0128  LateS    7.7   2.25   10.86    7.92  -0.730  -0.324  SFG  7.51   123  42.78   9.12   10.94   +0.51   -19.43   
J090015.62+401748.3  135.06508  +40.29675  0.0289  LateS   11.6   2.22   10.79    9.26  -0.086  -0.255  TO   7.28   111  42.70   9.38   10.81   +0.07   -19.11   
J084153.06+325205.3  130.47110  +32.86814  0.0257  EarlyS  10.9   2.40   10.83    9.37   0.452  -0.159  AGN  6.19   147  42.95   9.58   11.05   -0.30   -19.31   
J084408.90+333056.6  131.03710  +33.51573  0.0256  EarlyS  11.5   2.76   10.82    9.37   0.101  -0.171  TO   6.47   132  42.46   9.48   10.81   -0.06   -18.71   
J091958.02+371128.5  139.99177  +37.19126  0.0075  EarlyS   3.9   2.79   10.22    9.02   0.627   0.096  AGN  5.62   111  41.56   8.80    9.82   -0.42   -16.25   
J095204.01+405129.4  148.01675  +40.85819  0.0168  EarlyS   6.1   2.42   10.55    9.09   0.581   0.156  AGN  5.98   111  42.51   9.15   10.70   -0.39   -18.44   
J110952.32+093109.9  167.46804  +09.51944  0.0298  Early   10.1   3.08   10.96    9.86  -0.066   0.044  AGN  6.48   199  43.06   9.90   10.96   +0.06   -18.58   
J114018.50+090035.5  175.07710  +09.00988  0.0061  EarlyS   2.8   2.72   10.20    9.24   0.003  -0.127  TO   5.31   103  41.80   8.65   10.20   +0.01   -17.22     
J115827.52+100117.4  179.61470  +10.02150  0.0139  EarlyS   7.2   2.44   10.57    9.72  -0.023  -0.321  TO   5.68   102  42.23   8.99   10.62   +0.03   -18.25   
J093859.18+065719.5  144.74661  +06.95544  0.0166  EarlyS   9.3   2.19   10.91    8.64  -0.772  -0.440  SFG  7.04   147  42.63   9.39   11.06   +0.54   -19.35   
J080036.67+222400.1  120.15282  +22.40005  0.0184  LateS    8.9   1.85   10.61    9.14  -0.713  -0.351  SFG  6.26    96  42.16   9.06   10.59   +0.50   -18.56   
J081807.59+263801.8  124.53164  +26.63386  0.0202  EarlyS   8.0   1.96   10.59    9.17   0.242   0.128  AGN  6.09    99  42.56   9.13   10.73   -0.16   -18.52   
J082009.89+270536.5  125.04123  +27.09348  0.0196  EarlyS   8.7   2.57   11.02    9.70  -0.505  -0.273  TO   6.42   207  42.76   9.75   10.84   +0.36   -18.83   
J093712.22+363712.6  144.30095  +36.62019  0.0398  EarlyS   9.1   3.50   11.01    9.62  -0.075  -0.077  TO   6.57   170  43.21   9.89   10.93   +0.06   -19.04   
J093015.61+364133.3  142.56507  +36.69260  0.0273  EarlyS   9.1   2.02   10.63    8.92  -0.407  -0.345  SFG  6.63   105  42.47   9.31   10.87   +0.29   -18.87   
J094302.19+374923.3  145.75913  +37.82315  0.0220  EarlyS   9.4   2.29   10.84    9.46  -0.586  -0.321  SFG  7.03   133  42.59   9.42   10.86   +0.41   -18.84   
J095058.69+375758.8  147.74458  +37.96635  0.0406  EarlyS  14.8   2.77   10.94    9.24   0.969   0.278  AGN  6.98   134  42.65   9.69   10.89   -0.66   -18.91   
J123713.54+492653.6  189.30643  +49.44823  0.0299  EarlyS  12.5   1.88   11.01    9.57   0.338   0.237  AGN  6.10   129  42.80   9.53   11.18   -0.22   -19.64   
J141235.80+471510.9  213.14918  +47.25305  0.0281  EarlyS   7.5   2.31   10.72    9.15  -0.636  -0.337  SFG  6.83   131  42.64   9.51   10.72   +0.45   -18.48   
J144901.18+422750.1  222.25494  +42.46393  0.0183  EarlyS   9.3   2.29   10.48    8.95  -0.570  -0.383  SFG  6.11    89  41.96   8.99   10.66   +0.40   -18.34   
J084324.71+080446.9  130.85297  +08.07971  0.0297  EarlyS   8.6   2.44   10.84    9.27  -0.424  -0.413  SFG  6.75   119  42.67   9.46   10.92   +0.30   -19.     
J094514.39+090637.2  146.30998  +09.11034  0.0183  LateS    9.5   2.12   10.82    9.03   0.165  -0.151  TO   6.24   109  42.45   9.16   10.85   -0.10   -19.21   
J135429.15+541950.3  208.62149  +54.33066  0.0154  EarlyS   6.1   3.15   10.75    8.85  -0.380  -0.149  TO   6.92   149  42.75   9.36   10.83   +0.27   -18.76   
J143816.28+402724.2  219.56785  +40.45673  0.0092  LateS    5.2   2.03   10.14    8.27  -0.519  -0.473  SFG  5.88    84  41.61   8.64   10.33   +0.37   -18.15     
J110604.55+431951.9  166.51900  +43.33109  0.0107  LateS    3.9   2.53   10.03    8.53  -0.352  -0.527  SFG  6.17    87  41.85   8.74   10.20   +0.25   -17.58   
J141153.44+381137.8  212.97269  +38.19385  0.0205  EarlyS   7.7   2.98   11.05    9.41   0.066   0.023  AGN  6.45   186  42.93   9.68   10.83   -0.04   -18.77   
J143714.69+382715.3  219.31123  +38.45427  0.0123  LateS    8.1   2.09   10.47    8.52  -0.723  -0.295  SFG  7.07   116  42.23   9.05   10.50   +0.51   -18.32   
J142908.35+414950.8  217.28481  +41.83078  0.0181  EarlyS   5.3   2.80   10.63    9.44  -0.260  -0.171  TO   6.78   128  42.51   9.30   10.61   +0.19   -18.21   
J145138.88+403556.9  222.91202  +40.59916  0.0163  EarlyS  10.0   2.57   11.07    9.91   0.414   0.221  AGN  6.23   214  42.87   9.70   11.07   -0.28   -19.37   
J165458.22+220854.4  253.74258  +22.14845  0.0354  EarlyS  15.0   2.68   10.88    9.24  -0.081  -0.235  TO   6.44   132  42.56   9.62   10.87   +0.07   -18.87     
J135034.52+445044.9  207.64385  +44.84583  0.0433  EarlyS  11.1   2.22   11.01    9.34  -0.464  -0.337  SFG  6.84   128  42.93   9.68   11.21   +0.33   -19.72   
J163121.57+224149.4  247.83989  +22.69707  0.0243  LateS   10.3   1.83   10.55    9.13  -0.454  -0.262  TO   6.78    94  42.38   9.16   10.62   +0.32   -18.64   
J155727.90+300335.4  239.36628  +30.05986  0.0328  LateS    1.5   2.01   10.94    9.91   0.217   0.170  AGN  6.32   174  43.06   9.83   10.00   -0.14   -17.07   
J155601.61+302502.6  239.00673  +30.41741  0.0468  EarlyS  17.8   2.15   11.31    9.95   0.229   0.312  AGN  6.83   190  43.29  10.06   11.29   -0.15   -19.91   
J093011.12+343951.7  142.54636  +34.66436  0.0231  EarlyS   4.6   2.85   10.76    9.04  -0.637  -0.406  SFG  7.31   115  42.86   9.32   10.75   +0.45   -18.56     
J110037.22+112455.1  165.15509  +11.41532  0.0271  EarlyS   8.3   3.22   11.05    9.01   0.526   0.185  AGN  6.59   170  42.94   9.72   10.89   -0.35   -18.95   
J120356.03+071747.6  180.98346  +07.29658  0.0223  EarlyS   7.4   2.01   10.54    9.44  -0.336  -0.107  TO   5.85    89  42.25   9.08   10.81   +0.24   -18.71   
J141349.19+371608.7  213.45497  +37.26911  0.0222  EarlyS   5.2   2.67   10.74    8.64  -0.672  -0.389  SFG  7.27   121  42.68   9.34   10.77   +0.47   -18.62   
J133601.21+495739.0  204.00505  +49.96083  0.0054  EarlyS   3.6   2.49    9.78    8.67  -0.333  -0.450  SFG  5.55    91  41.28   8.48    9.83   +0.24   -16.27   
J132956.48+505301.9  202.48537  +50.88386  0.0254  EarlyS   7.0   2.30   10.51    9.35   0.059  -0.186  TO   6.10   122  42.60   9.41   10.88   -0.03   -18.89   
J151401.04+443526.0  228.50434  +44.59056  0.0174  LateS    9.1   2.39   10.27    9.12  -0.455  -0.473  SFG  5.97    85  41.83   8.93   10.11   +0.32   -17.61   
J142617.59+122110.5  216.57332  +12.35292  0.0259  EarlyS   8.8   2.24   10.75    9.49   0.387   0.070  AGN  5.69   122  42.65   9.42   10.84   -0.26   -18.78   
J151231.81+085126.0  228.13258  +08.85724  0.0337  EarlyS   7.9   3.05   10.98    9.10   0.095   0.096  AGN  6.37   167  42.99   9.80   10.78   -0.06   -18.65   
J152552.58+074910.6  231.46911  +07.81962  0.0337  EarlyS  12.7   1.87   11.10    8.59  -0.517  -0.261  TO   7.31   168  42.81   9.81   11.10   +0.37   -19.43   
J153938.96+101311.8  234.91235  +10.21995  0.0342  EarlyS  13.3   2.57   10.99    9.12   0.169   0.005  AGN  6.44   144  42.61   9.68   10.97   -0.11   -19.11     
J074655.82+441556.5  116.73261  +44.26570  0.0314  EarlyS   8.6   2.15   10.71    9.18  -0.524  -0.266  TO   7.05   114  42.64   9.44   11.00   +0.37   -19.20   
J090100.09+103701.7  135.25040  +10.61716  0.0295  EarlyS  13.8   3.46   11.31    9.77   0.205   0.250  AGN  6.55   259  43.32  10.13   11.20   -0.13   -19.73   
J112131.75+132535.8  170.38233  +13.42661  0.0341  EarlyS  10.3   2.59   11.03    8.98   0.175  -0.152  TO   6.79   136  42.96   9.63   11.10   -0.11   -19.45   
J115605.96+150755.0  179.02487  +15.13196  0.0213  EarlyS   7.6   2.13   10.40    9.18  -0.284  -0.326  TO   5.91    85  42.08   9.01   10.60   +0.21   -18.20   
J075701.86+493402.4  119.25778  +49.56735  0.0117  LateS    6.3   1.93   10.36    8.45  -0.867  -0.478  SFG  6.51    83  41.89   8.74   10.08   +0.61   -17.52   
J084421.43+585031.1  131.08932  +58.84198  0.0043  LateS    2.4   1.79    9.50    8.83  -0.292  -0.385  SFG  4.78    77  40.85   8.24    9.38   +0.21   -15.79   
J124922.35+094903.5  192.34315  +09.81765  0.0451  EarlyS  12.6   2.62   11.08    9.33  -0.528  -0.351  SFG  7.17   133  43.01   9.73   11.17   +0.37   -19.61   
J125831.75+081302.8  194.63230  +08.21745  0.0277  EarlyS   9.7   2.90   10.85    9.88   0.198  -0.048  AGN  6.16   139  42.92   9.56   11.00   -0.13   -19.22   
J142154.19+075257.1  215.47580  +07.88254  0.0251  EarlyS   8.9   3.43   10.72    9.87   0.171   0.121  AGN  5.86   157  42.96   9.62   10.67   -0.11   -18.41   
J144412.18+075658.7  221.05076  +07.94964  0.0277  EarlyS  13.6   2.96   11.12    9.91   0.286   0.138  AGN  6.59   212  43.04   9.93   11.08   -0.19   -19.43   
J140852.86+333155.5  212.22026  +33.53210  0.0353  EarlyS  17.3   2.70   11.09    9.40  -0.194  -0.223  TO   6.29   126  42.83   9.58   11.22   +0.14   -19.73   
J100242.47+674349.7  150.67698  +67.73047  0.0151  LateS    6.1   2.09   10.33    8.10  -0.703  -0.412  SFG  6.66    85  42.16   8.87   10.56   +0.50   -18.48   
J083203.49+240039.2  128.01458  +24.01090  0.0184  LateS   11.2   2.13   10.39    9.02  -0.333  -0.467  SFG  5.83    77  42.04   8.87   10.64   +0.24   -18.67   
J084533.12+261922.5  131.38804  +26.32293  0.0568  EarlyS  13.3   2.05   11.28    9.19  -0.252  -0.101  TO   6.99   153  43.26   9.96   11.58   +0.18   -20.64   
J090847.53+295153.1  137.19807  +29.86478  0.0140  EarlyS   5.9   2.60   10.57    9.66   0.365   0.166  AGN  5.70   125  42.48   9.17   10.57   -0.24   -18.12   
J092723.49+302626.9  141.84790  +30.44081  0.0270  EarlyS  12.7   2.33   11.03    8.33  -0.286  -0.243  TO   7.55   143  42.99   9.57   11.18   +0.21   -19.65   
J092455.11+264628.8  141.22963  +26.77467  0.0136  EarlyS  11.5   2.87   11.07    9.72   0.366   0.205  AGN  5.76   177  42.55   9.46   10.80   -0.24   -18.72   
J100750.53+341855.0  151.96056  +34.31529  0.0204  LateS    8.5   2.03   10.61    8.82  -0.458  -0.451  SFG  6.54    90  42.26   9.04   10.79   +0.33   -19.05   
J102351.92+313812.1  155.96637  +31.63670  0.0294  EarlyS   8.5   2.38   10.70    9.26  -0.010  -0.139  TO   5.98   107  42.54   9.36   10.80   +0.02   -18.68   
J102734.02+340405.0  156.89176  +34.06808  0.0562  EarlyS  13.3   2.76   11.30    9.55  -0.040   0.110  AGN  6.77   208  43.25  10.22   11.14   +0.04   -19.58   
J123142.75+333514.7  187.92813  +33.58743  0.0311  EarlyS  10.8   2.33   10.85    9.49  -0.720  -0.371  SFG  7.02   125  42.64   9.52   10.99   +0.51   -19.17     
J110325.26+391518.3  165.85528  +39.25508  0.0216  LateS    7.3   2.45   10.38    8.76  -0.279  -0.275  TO   6.25    83  42.15   9.00   10.58   +0.20   -18.52   
J125129.54+314852.4  192.87312  +31.81457  0.0246  EarlyS   7.9   2.70   10.60    9.26  -0.202  -0.216  TO   6.06   110  42.18   9.30   10.46   +0.15   -17.85    
J121449.33+330111.0  183.70558  +33.01975  0.0528  EarlyS  14.7   2.23   11.25    9.61   0.107  -0.024  AGN  6.79   170  43.24  10.01   11.42   -0.06   -20.25   
J114032.48+353627.7  175.13536  +35.60771  0.0459  EarlyS  11.1   2.94   11.11    9.89   0.083  -0.140  TO   6.93   193  43.18  10.06   11.07   -0.05   -19.39   
J124206.46+324539.5  190.52695  +32.76099  0.0446  EarlyS  13.1   2.52   10.99    9.78  -0.330  -0.278  TO   6.62   126  42.76   9.68   10.99   +0.24   -19.19   
J124426.19+370716.3  191.10914  +37.12121  0.0233  LateS   15.3   1.97   11.16    9.86   0.156   0.229  AGN  5.95   152  42.83   9.56   10.87   -0.10   -19.25   
J134234.06+313150.9  205.64192  +31.53082  0.0251  EarlyS   8.8   3.08   10.71    9.71   0.369   0.222  AGN  6.10   152  42.92   9.59   10.75   -0.24   -18.61   
J105550.05+312332.2  163.95856  +31.39228  0.0350  EarlyS  11.3   2.70   11.15    9.47   0.793   0.250  AGN  6.85   168  43.00   9.83   10.95   -0.54   -19.10   
J135128.21+343400.4  207.86756  +34.56678  0.0537  Early   19.8   2.80   11.38    9.89   0.215   0.219  AGN  6.72   272  43.46  10.43   11.36   -0.14   -20.13   
J125747.68+362214.5  194.44869  +36.37071  0.0151  EarlyS   6.2   2.68   10.50    9.58   0.761   0.026  AGN  5.78   106  42.42   9.06   10.64   -0.52   -18.30   
J104728.46+364927.1  161.86862  +36.82421  0.0358  EarlyS  13.3   2.72   11.16    9.53   0.081  -0.017  AGN  6.39   153  42.83   9.75   10.74   -0.05   -18.58   
J111326.77+303627.1  168.36155  +30.60755  0.0342  EarlyS  10.7   2.45   11.01    9.12  -0.522  -0.307  SFG  7.32   144  43.06   9.68   11.24   +0.37   -19.78   
J134009.10+365139.9  205.03796  +36.86109  0.0191  LateS    7.2   1.91   10.60    8.60  -0.593  -0.347  SFG  6.81    89  42.30   9.01   10.73   +0.42   -18.9    
J131244.75+314833.7  198.18648  +31.80939  0.0211  LateS   11.1   2.51   10.86    9.51   0.362  -0.098  AGN  5.90   105  42.46   9.20   10.72   -0.24   -18.88   
J110112.89+320849.6  165.30372  +32.14712  0.0458  EarlyS  14.7   3.12   11.22    9.81  -0.159  -0.118  TO   7.06   166  43.12   9.93   11.04   +0.12   -19.33     
J135655.99+290951.7  209.23332  +29.16438  0.0080  EarlyS   6.3   3.53   10.54    9.61   0.200   0.025  AGN  5.79   144  42.24   9.05   10.53   -0.13   -18.01   
J135317.78+332927.0  208.32411  +33.49085  0.0079  EarlyS   5.2   2.03   10.38    8.82   0.913  -0.191  AGN  6.45    95  42.08   8.68   10.14   -0.62   -17.05   
J142113.09+295936.6  215.30455  +29.99350  0.0302  EarlyS   9.5   2.53   11.19    8.91  -0.304  -0.315  TO   7.42   172  42.93   9.78   11.24   +0.22   -19.79   
J141816.86+313913.8  214.57029  +31.65384  0.0143  EarlyS   5.3   2.55   10.57    9.22  -0.476  -0.298  SFG  6.97   123  42.40   9.17   10.56   +0.34   -18.09   
J144022.65+244346.1  220.09438  +24.72949  0.0379  Early   14.4   3.24   11.10    9.43   0.179  -0.011  AGN  6.53   207  43.31  10.04   11.25   -0.11   -19.84   
J143811.83+243130.4  219.54931  +24.52512  0.0166  EarlyS   5.5   2.49   10.16    8.78   0.650  -0.134  AGN  5.89    89  42.02   8.95   10.18   -0.44   -17.13   
J143709.54+251503.0  219.28975  +25.25086  0.0340  EarlyS  11.7   2.94   11.19    9.83   0.276   0.059  AGN  6.54   270  42.98  10.22   10.87   -0.18   -18.89    
J152847.28+254452.0  232.19701  +25.74780  0.0342  EarlyS   9.8   3.05   10.81    9.72   0.038   0.094  AGN  6.54   154  42.93   9.74   10.80   -0.02   -18.73   
J153722.91+203259.3  234.34549  +20.54982  0.0149  EarlyS   5.0   3.12   10.83    9.86   0.233  -0.033  AGN  5.97   214  42.74   9.66   10.65   -0.15   -18.36   
J154520.30+171956.6  236.33461  +17.33241  0.0489  EarlyS  14.8   2.91   11.27    9.64   0.252   0.093  AGN  6.51   204  43.39  10.14   11.34   -0.16   -20.07   
J161354.89+145536.1  243.47873  +14.92671  0.0468  EarlyS  13.5   2.11   11.10    9.80   0.178   0.206  AGN  6.24   156  43.15   9.89   11.23   -0.11   -19.80   
J163050.13+161502.6  247.70889  +16.25074  0.0337  EarlyS  10.5   2.57   11.04    9.35  -0.757  -0.406  SFG  7.30   142  42.90   9.66   11.21   +0.53   -19.71   
J164509.37+132938.5  251.28906  +13.49403  0.0531  EarlyS  15.4   2.38   11.15    9.76  -0.279  -0.313  TO   6.93   179  43.15  10.06   11.23   +0.20   -19.76   
J112311.43+293554.4  170.79763  +29.59846  0.0471  EarlyS  19.4   2.68   11.34    9.64   0.811   0.045  AGN  7.45   206  43.21  10.13   11.09   -0.55   -19.46   
J114803.35+302133.5  177.01399  +30.35933  0.0210  EarlyS  12.3   2.88   11.19    9.33   0.288   0.189  AGN  6.24   148  42.88   9.49   11.45   -0.19   -20.31   
J115502.29+271752.2  178.75958  +27.29783  0.0219  EarlyS   8.3   3.03   10.74    9.90   0.612   0.185  AGN  6.12   155  42.74   9.55   10.81   -0.41   -18.76     
J131453.43+270029.2  198.72263  +27.00812  0.0154  EarlyS   5.9   2.63   10.16    9.18  -0.350  -0.351  SFG  5.76    86  41.89   8.89   10.18   +0.25   -17.15   
J131745.18+273411.5  199.43827  +27.56987  0.0234  EarlyS   8.6   3.15   10.81    9.15  -0.046  -0.115  TO   6.53   121  42.80   9.37   10.93   +0.04   -19.02   
J134344.15+252331.7  205.93398  +25.39215  0.0272  Early    7.7   3.29   10.84    9.62   0.557   0.253  AGN  6.17   186  43.10   9.80   10.98   -0.37   -18.63     
J084053.78+192117.6  130.22409  +19.35490  0.0146  EarlyS   6.9   2.68   10.42    9.11  -0.455  -0.348  SFG  6.07   105  42.13   9.03   10.48   +0.32   -17.88   
J091907.13+213052.7  139.77973  +21.51465  0.0274  Early    7.6   2.85   10.83    9.35   0.212  -0.109  AGN  6.07   171  42.99   9.73   10.75   -0.14   -18.60   
J092106.57+241828.7  140.27740  +24.30799  0.0267  EarlyS  10.2   2.26   10.76    9.07  -0.286  -0.335  SFG  6.49    92  42.32   9.18   11.06   +0.21   -19.33   
J093757.99+252941.2  144.49165  +25.49479  0.0136  EarlyS   5.1   2.70   10.48    9.67   0.517   0.143  AGN  5.51   114  42.49   9.08   10.65   -0.35   -18.31   
J095045.54+224515.9  147.68976  +22.75444  0.0286  EarlyS  11.3   2.19   10.77    9.39  -0.736  -0.396  SFG  6.45   109  42.59   9.36   11.03   +0.52   -19.27   
J094854.49+245229.0  147.22706  +24.87474  0.0433  EarlyS  13.4   2.14   10.97    9.04  -0.537  -0.328  SFG  6.95   120  42.94   9.62   11.19   +0.38   -19.67   
J095516.16+253431.9  148.81735  +25.57553  0.0444  EarlyS  12.1   3.26   11.15    9.91   0.117   0.221  AGN  6.37   204  43.32  10.10   11.05   -0.07   -19.36   
J101519.11+282735.8  153.82965  +28.45996  0.0210  EarlyS   5.2   2.71   10.44    9.57   0.031  -0.139  TO   6.61   108  42.59   9.22   10.56   -0.01   -18.13   
J101217.63+275143.4  153.07348  +27.86206  0.0159  EarlyS  10.1   2.50   10.70    9.63  -0.497  -0.393  SFG  6.47   131  42.20   9.27   10.59   +0.35   -18.16   
J101241.60+291832.7  153.17334  +29.30910  0.0495  EarlyS  15.3   2.52   11.15    9.81  -0.393  -0.044  TO   6.48   151  43.13   9.88   11.29   +0.28   -19.95   
J104244.63+265036.8  160.68596  +26.84358  0.0202  EarlyS   6.8   2.35   10.48    9.32   0.268  -0.132  AGN  6.51   109  42.44   9.21   10.70   -0.17   -18.45     
J092806.64+171147.3  142.02771  +17.19649  0.0140  EarlyS   5.2   2.56   10.53    7.46  -0.675  -0.477  SFG  7.31   105  42.46   9.02   10.71   +0.48   -18.46   
J100836.40+181352.4  152.15168  +18.23123  0.0171  EarlyS  10.2   2.59   11.07    9.65   0.187   0.128  AGN  6.37   166  42.57   9.50   10.99   -0.12   -19.21   
J080139.47+104357.7  120.41448  +10.73272  0.0163  EarlyS   5.3   2.28   10.39    8.85  -0.150  -0.246  TO   6.04   102  42.12   9.06   10.46   +0.11   -17.83   
J075708.03+103547.7  119.28349  +10.59660  0.0463  EarlyS  16.6   2.45   11.11    9.74   0.439   0.251  AGN  7.00   136  43.11   9.76   11.30   -0.29   -19.93   
J080020.97+111910.0  120.08741  +11.31945  0.0150  Early    4.1   2.67   10.38    9.73   0.317   0.004  AGN  5.71   128  42.52   9.22   10.53   -0.21   -17.51   
J082810.99+103226.4  127.04581  +10.54067  0.0307  EarlyS  10.6   2.80   10.91    8.84   0.037  -0.037  AGN  6.17   145  42.68   9.64   10.73   -0.02   -18.51   
J084315.92+130508.8  130.81635  +13.08580  0.0069  EarlyS   4.7   2.70    9.77    8.73  -0.016  -0.493  SFG  5.26    87  41.02   8.55    9.92   +0.02   -16.5    
J104808.12+181119.2  162.03384  +18.18869  0.0201  Early   12.5   2.77   11.15    9.77   0.191   0.047  AGN  6.52   200  42.85   9.73   11.28   -0.12   -19.38   
J110434.47+160342.4  166.14363  +16.06179  0.0210  Early    9.2   3.21   11.05    9.73   0.474   0.107  AGN  6.23   194  42.98   9.73   10.98   -0.32   -19.18   
J111828.26+251925.1  169.61779  +25.32366  0.0251  EarlyS  10.7   2.22   10.60    9.11  -0.348  -0.399  SFG  6.17    84  42.30   9.08   10.87   +0.25   -18.86   
J113833.71+252353.1  174.64048  +25.39810  0.0254  EarlyS   7.1   2.26   10.58    9.08   0.868  -0.245  AGN  6.64   125  42.35   9.43   10.68   -0.59   -18.43   
J114331.43+224331.5  175.88098  +22.72543  0.0231  EarlyS  14.4   1.95   10.96    9.10  -0.524  -0.271  TO   6.71   100  42.21   9.20   11.17   +0.37   -19.61   
J160538.07+100207.4  241.40865  +10.03541  0.0405  EarlyS  13.7   2.07   11.12    9.36   0.373  -0.041  AGN  7.22   135  42.82   9.70   11.36   -0.25   -20.10   
J161026.55+121820.4  242.61064  +12.30568  0.0341  EarlyS  15.1   2.41   11.13    9.20  -0.644  -0.321  SFG  7.31   185  43.04   9.90   11.18   +0.45   -19.64   
J161256.85+095201.5  243.23690  +09.86711  0.0171  EarlyS   9.1   3.39   11.03   10.17   0.383   0.212  AGN  6.56   216  42.77   9.73   10.81   -0.25   -18.76   
J092050.74+131128.0  140.21143  +13.19114  0.0167  EarlyS   5.7   2.87   10.68    9.87   0.339   0.208  AGN  5.89   161  42.59   9.47   10.50   -0.22   -17.98   
J094043.03+131936.8  145.17931  +13.32692  0.0348  EarlyS  11.7   2.66   10.91    9.48  -0.231  -0.162  TO   6.25   151  42.93   9.73   11.09   +0.17   -19.42   
J094457.09+164226.7  146.23791  +16.70744  0.0199  EarlyS   8.9   2.06   10.81    9.67   0.410   0.219  AGN  5.79   125  42.51   9.32   10.64   -0.27   -18.30   
J095307.14+164039.6  148.27978  +16.67767  0.0047  LateS    4.8   2.09   10.20    9.22  -0.151  -0.242  TO   4.74    85  41.33   8.36    9.95   +0.11   -16.96   
J103448.55+154255.0  158.70230  +15.71529  0.0655  EarlyS  20.0   2.50   11.30    9.01  -0.538  -0.368  SFG  7.59   201  43.40  10.25   11.49   +0.38   -20.42   
J121037.50+160158.5  182.65627  +16.03292  0.0072  LateS    3.4   2.12   10.33    8.70  -0.644  -0.338  SFG  6.65    98  42.02   8.68   10.58   +0.45   -18.53   
J133038.54+180804.5  202.66059  +18.13461  0.0138  EarlyS   5.7   2.28   10.58    8.72  -0.579  -0.404  SFG  6.69   111  42.36   9.06   10.71   +0.41   -18.46   
J120311.56+194343.7  180.79820  +19.72882  0.0239  EarlyS   9.3   2.76   11.23    9.73   0.097   0.041  AGN  6.18   215  43.06   9.88   11.09   -0.06   -19.45   
J123027.26+184834.9  187.61360  +18.80970  0.0483  EarlyS  13.1   2.38   11.11    9.09  -0.153  -0.341  TO   7.32   125  43.09   9.71   11.46   +0.12   -20.35     
J131027.44+182617.4  197.61434  +18.43819  0.0125  EarlyS   4.6   2.34   10.49    8.80  -0.750  -0.474  SFG  6.54    98  41.82   8.91   10.41   +0.53   -17.72   
J133640.73+201200.4  204.16974  +20.20013  0.0164  EarlyS   7.1   3.06   10.57    9.97   0.343   0.037  AGN  5.96   121  42.50   9.21   10.61   -0.23   -18.25   
J122659.47+223822.4  186.74780  +22.63958  0.0228  EarlyS  12.1   2.74   10.96    9.75   0.386   0.192  AGN  6.10   131  42.96   9.42   10.95   -0.26   -19.10   
J132730.77+205251.4  201.87823  +20.88095  0.0198  EarlyS   9.2   2.71   10.77    9.48   0.648  -0.054  AGN  6.38   122  42.39   9.30   10.63   -0.44   -18.26   
J121821.42+251300.3  184.58928  +25.21677  0.0232  EarlyS   9.2   2.15   10.71    9.18  -0.454  -0.378  SFG  6.34    93  42.51   9.13   10.82   +0.32   -18.74   
J121858.41+241110.7  184.74341  +24.18631  0.0245  EarlyS   9.0   3.00   10.86    9.41   0.240   0.087  AGN  6.21   198  42.69   9.81   10.61   -0.16   -18.24   
J131616.82+252418.7  199.07012  +25.40522  0.0130  EarlyS   4.4   2.78   10.50    9.27   0.534   0.030  AGN  6.03   121  42.13   9.11   10.41   -0.36   -17.71   
J134652.67+161622.2  206.71950  +16.27284  0.0193  LateS   12.4   2.00   10.58    9.06  -0.564  -0.531  SFG  6.29    90  42.16   9.03   10.82   +0.40   -19.12   
J134745.25+165823.2  206.93856  +16.97313  0.0402  Early   12.8   3.31   11.22    9.89   0.238   0.226  AGN  6.67   236  43.38  10.18   11.28   -0.15   -19.40   
J141450.37+150848.7  213.70988  +15.14689  0.0153  EarlyS   8.9   2.97   10.88    8.82  -0.347  -0.192  TO   6.85   150  42.45   9.36   10.88   +0.25   -18.88   
J150440.57+123800.4  226.16908  +12.63345  0.0289  EarlyS  11.0   2.13   11.14    9.08  -0.180  -0.123  TO   7.24   147  42.86   9.63   11.39   +0.13   -20.17   
J153351.72+110038.5  233.46554  +11.01071  0.0350  EarlyS  13.8   2.42   10.97    9.43  -0.349  -0.202  TO   6.63   149  43.05   9.72   11.26   +0.25   -19.83   
J153000.83+125921.5  232.50347  +12.98932  0.0134  EarlyS   7.0   1.94   10.93    8.65  -0.822  -0.217  TO   7.37   151  42.36   9.32   10.74   +0.58   -18.53   
J140402.95+174441.5  211.01230  +17.74486  0.0591  EarlyS  20.3   2.77   11.29    9.27   0.563  -0.032  AGN  7.01   137  43.16   9.87   11.16   -0.38   -19.59   
J142213.95+172350.4  215.55813  +17.39734  0.0532  EarlyS  15.4   2.41   11.18    9.20   0.557   0.090  AGN  7.16   175  43.10  10.04   11.43   -0.37   -20.26   
J150402.35+152753.4  226.00982  +15.46486  0.0508  EarlyS  12.9   2.86   11.21    9.31  -0.243  -0.251  TO   6.94   151  43.12   9.89   11.01   +0.18   -19.26   
J152207.82+135541.5  230.53261  +13.92822  0.0301  EarlyS  11.6   1.99   11.10    9.49   0.001   0.000  AGN  5.67   149  42.95   9.66   11.02   +0.01   -19.23   
J134632.22+205051.0  206.63425  +20.84752  0.0231  LateS   10.0   2.23   10.91    9.08  -0.350  -0.375  SFG  6.49   114  42.61   9.31   10.88   +0.25   -19.27   
J152602.66+161923.6  231.51111  +16.32323  0.0235  LateS   10.1   1.97   10.55    8.74  -0.477  -0.402  SFG  6.33    83  42.28   9.04   10.72   +0.34   -18.87   
J135107.46+240105.6  207.78109  +24.01825  0.0283  EarlyS   8.1   2.22   10.80    8.98  -0.716  -0.427  SFG  6.83   119  42.63   9.43   11.07   +0.50   -19.37   
J142046.12+215608.6  215.19219  +21.93575  0.0156  LateS   12.8   2.70   10.56    8.75  -0.485  -0.433  SFG  6.24    97  42.07   9.00   10.55   +0.34   -18.46   
J105024.00+644834.0  162.60004  +64.80947  0.0424  EarlyS  19.7   2.43   11.31    9.74  -0.039   0.079  AGN  6.02   186  43.11  10.00   11.23   +0.04   -19.77   
